universum: 50
collection:
- [3, 49, 37, 47, 26, 34, 41, 43]
- [40, 43, 6, 31, 35, 10]
- [8, 48, 24, 14, 21, 26, 36, 7, 27, 34, 41]
- [3, 33, 20, 22, 14, 26, 40]
- [44, 45, 14, 48, 9, 36, 3, 6]
- [42, 39, 13, 16, 18, 24, 45, 25, 28]
- [43, 11, 41, 15, 3, 30, 7, 18, 22, 42]
- [39, 32, 12, 17, 43, 21, 20]
- [14, 32, 17, 23, 15, 7, 9, 2, 18, 43]
- [19, 20, 30, 25, 6, 8, 43, 14, 5, 49]
- [5, 18, 3, 34, 7, 9, 28, 30]
- [26, 13, 38, 10, 20, 36, 2, 23, 30, 6, 35]
- [42, 41, 28, 5, 46, 10, 29, 43, 40, 23, 16]
- [10, 8, 3, 23, 17, 30]
- [8, 17, 2, 32, 18, 10, 19, 13, 9, 6]
- [24, 22, 16, 27, 32, 34]
- [9, 0, 16, 31, 48, 24, 28, 15, 22]
- [45, 8, 47, 43, 41, 0, 29, 13, 37, 18, 25]
- [21, 44, 33, 29, 9, 23]
- [0, 6, 25, 12, 19, 33, 36, 7]
- [0, 47, 21, 16, 36, 9, 15, 37, 22, 7, 19]
- [40, 0, 39, 30, 45, 41, 37, 1, 48, 14]
- [39, 17, 36, 13, 44, 34]
- [4, 47, 7, 17, 26, 12, 18, 25, 35]
- [23, 5, 19, 35, 38, 49, 17, 34, 10]
- [39, 47, 14, 24, 1, 48, 23, 25, 40, 31]
- [24, 42, 25, 30, 44, 20]
- [32, 40, 9, 38, 41, 36, 2, 1, 27, 33, 5]
- [8, 20, 25, 21, 9, 41, 32, 45, 48]
- [3, 47, 24, 42, 41, 14, 31, 28, 8, 44]
- [11, 14, 39, 6, 4, 41, 2, 23, 20, 19, 49]
- [39, 21, 15, 20, 7, 5]
- [40, 19, 1, 5, 8, 42, 25]
- [42, 28, 49, 6, 14, 18, 20, 44, 46]
- [11, 49, 9, 0, 20, 37, 1, 23, 26]
- [11, 44, 48, 16, 30, 5, 21, 42]
- [5, 3, 9, 22, 34, 1, 0, 44, 11, 16]
- [19, 13, 31, 25, 30, 3, 49]
- [23, 21, 38, 20, 1, 5, 19, 9, 2, 15]
- [13, 28, 17, 24, 49, 23, 43, 31, 47, 36]
- [11, 49, 12, 13, 0, 35, 6]
- [15, 23, 4, 11, 5, 18, 27, 2, 46, 33, 26]
- [30, 6, 47, 23, 7, 24, 26, 32, 44, 41, 2]
- [46, 38, 11, 30, 8, 22, 27, 13, 26]
- [49, 5, 44, 39, 13, 6]
- [5, 48, 15, 4, 40, 14, 35]
- [49, 48, 8, 29, 9, 23]
- [28, 35, 8, 12, 36, 41]
- [17, 27, 24, 23, 9, 19, 18, 7, 46, 15]
- [4, 11, 9, 5, 3, 49, 30, 45, 17, 1]
- [41, 16, 49, 5, 7, 3, 26, 35, 9, 13, 33]
- [42, 8, 19, 49, 26, 0]
- [36, 14, 16, 6, 21, 1, 34, 45, 12, 18, 3]
- [46, 15, 8, 31, 38, 9]
- [21, 39, 47, 15, 49, 3, 44, 29, 45, 0, 33]
- [16, 21, 20, 24, 15, 34, 49, 43]
- [29, 15, 30, 34, 20, 0]
- [18, 16, 38, 24, 46, 47, 17, 31, 27, 13, 6]
- [6, 19, 32, 22, 30, 45, 26]
- [7, 25, 15, 3, 6, 14, 27, 39, 35, 36, 10]
- [9, 46, 2, 10, 7, 26, 1, 39, 16]
- [18, 29, 40, 5, 13, 12, 30, 47, 35]
- [41, 8, 13, 12, 33, 22, 20, 15, 24, 7]
- [46, 45, 40, 13, 8, 36, 20, 3]
- [32, 20, 24, 2, 18, 22, 6, 31, 27]
- [47, 45, 35, 14, 43, 32, 12, 24, 31]
- [4, 8, 35, 31, 18, 19, 11]
- [24, 25, 1, 34, 5, 12, 30, 32, 39, 33, 14]
- [49, 8, 32, 42, 0, 44, 29, 13, 3, 35, 47]
- [31, 7, 20, 16, 38, 47, 33, 2, 8, 24, 48]
