universum: 50
collection:
- [26, 36, 1, 14, 42, 28, 6, 40, 34, 2]
- [34, 3, 6, 23, 35, 37, 28, 4, 43]
- [34, 23, 19, 21, 11, 18, 5, 2, 36, 30, 12]
- [32, 43, 15, 5, 28, 22, 27, 46, 41, 23]
- [11, 40, 25, 45, 44, 14, 20, 4]
- [47, 21, 39, 26, 1, 44, 0, 36, 2, 15, 43]
- [41, 29, 14, 6, 17, 24, 39]
- [32, 37, 47, 26, 45, 11, 43, 36, 10]
- [30, 2, 38, 24, 32, 39, 10, 27, 14, 20]
- [21, 6, 30, 23, 49, 35]
- [43, 24, 17, 6, 21, 20]
- [1, 8, 30, 26, 10, 6, 15, 49, 14, 45]
- [41, 22, 7, 19, 48, 36]
- [33, 7, 4, 40, 38, 15, 14]
- [31, 49, 14, 39, 10, 46, 27, 24, 0, 37]
- [30, 23, 26, 25, 12, 27, 2]
- [40, 11, 49, 28, 10, 48, 19, 13, 14, 42, 26]
- [44, 47, 14, 32, 28, 30, 24, 16, 33, 37]
- [13, 19, 10, 49, 42, 11]
- [46, 40, 38, 33, 29, 35, 5, 48, 42, 10, 13]
- [19, 22, 26, 28, 6, 8, 35, 45]
- [1, 48, 43, 44, 0, 14, 21, 23, 3, 20]
- [8, 35, 12, 11, 4, 16]
- [33, 34, 22, 43, 48, 41, 13, 37, 0, 23, 45]
- [33, 9, 37, 19, 20, 44, 21, 36, 14, 23]
- [14, 41, 2, 11, 1, 46, 10, 36]
- [42, 46, 0, 21, 13, 39, 6, 28]
- [24, 17, 33, 47, 18, 21, 8]
- [2, 47, 36, 9, 1, 8, 12, 34, 33]
- [34, 10, 8, 38, 5, 28]
- [5, 23, 47, 6, 24, 43, 42]
- [8, 23, 46, 33, 20, 48, 3, 17, 29, 41, 11]
- [9, 37, 6, 21, 17, 36, 47]
- [6, 34, 27, 26, 36, 24, 32, 8, 25, 5, 21]
- [48, 9, 16, 41, 34, 42, 17, 36, 47, 28]
- [1, 9, 39, 3, 11, 0, 23, 12, 36, 43]
- [38, 44, 42, 31, 29, 4]
- [32, 29, 5, 35, 22, 8]
- [19, 36, 22, 4, 2, 12]
- [38, 25, 41, 48, 17, 4]
- [23, 9, 42, 35, 45, 21, 28, 39]
- [5, 39, 26, 40, 45, 6, 7, 41, 31, 10]
- [43, 7, 30, 2, 19, 13, 37]
- [49, 20, 0, 36, 9, 45]
- [0, 43, 19, 7, 3, 49, 10, 5, 37]
- [6, 35, 9, 30, 8, 7, 28, 38, 41, 17]
- [4, 19, 12, 9, 29, 26]
- [40, 27, 14, 37, 18, 20, 32, 44, 33, 6]
- [48, 10, 34, 21, 28, 18, 39, 13, 44]
- [32, 16, 28, 48, 43, 45, 18, 23, 10]
- [36, 45, 30, 28, 17, 3, 13, 18, 10]
- [24, 25, 44, 20, 36, 40, 15, 17, 6, 2]
- [26, 6, 12, 48, 7, 47, 1, 5, 40, 45, 22]
- [19, 40, 22, 35, 30, 26]
- [4, 45, 22, 0, 27, 25, 47]
- [49, 13, 37, 45, 21, 3, 36, 32, 48]
- [13, 42, 44, 17, 28, 37, 41, 12]
- [45, 38, 22, 43, 39, 48, 47]
- [10, 25, 32, 8, 34, 40, 31]
- [16, 7, 25, 1, 33, 37, 28, 3]
- [9, 40, 30, 16, 17, 44, 29, 23, 14, 41, 19]
- [41, 45, 16, 36, 49, 39, 25, 4, 5, 38]
- [17, 30, 22, 45, 36, 39]
- [36, 18, 37, 22, 14, 29, 23, 26, 20, 6, 2]
- [31, 14, 6, 5, 39, 19, 47, 42]
- [9, 4, 37, 3, 42, 22, 39, 10]
- [9, 6, 33, 24, 27, 4, 11, 48, 19]
- [9, 3, 28, 6, 5, 42, 1, 15, 26, 46]
- [21, 47, 22, 6, 20, 41]
- [42, 37, 47, 3, 23, 1]
