universum: 60
collection:
- [16, 20, 42, 41, 4]
- [2, 0, 21, 46, 30, 6, 12, 11, 3, 25]
- [22, 2, 43, 5, 58, 26]
- [38, 16, 17, 49, 47, 9]
- [54, 24, 6, 59, 39, 21, 9, 11, 58, 27, 4]
- [17, 21, 6, 57, 27, 51, 7, 44, 13, 58, 45]
- [35, 40, 55, 14, 56, 4, 31, 47, 52, 19, 43]
- [29, 6, 40, 51, 22, 25, 31, 36]
- [22, 29, 38, 15, 30, 4]
- [54, 32, 58, 31, 47]
- [47, 46, 38, 10, 6, 2, 11, 0, 33]
- [14, 10, 46, 3, 17, 7, 39, 50, 24, 6, 27]
- [22, 57, 20, 12, 43, 9, 33, 38, 45, 13, 37]
- [41, 55, 36, 54, 21, 14, 22, 13]
- [31, 50, 49, 17, 24, 43]
- [28, 30, 48, 1, 38, 12, 54, 49, 25, 20, 46]
- [49, 20, 33, 11, 44, 29, 59, 58, 4, 6]
- [53, 10, 47, 46, 17, 24, 44, 54, 4, 5]
- [28, 56, 50, 52, 32, 36]
- [44, 54, 28, 9, 6, 55, 40, 10, 0, 46]
- [30, 26, 3, 20, 49, 59, 13, 55, 37, 56, 40, 54]
- [17, 19, 9, 48, 10, 14]
- [2, 15, 12, 17, 32, 45, 7]
- [56, 12, 28, 22, 58, 26, 29]
- [28, 6, 23, 2, 32, 26, 12, 35, 11, 3]
- [58, 43, 20, 41, 11, 44, 2]
- [1, 5, 59, 0, 45, 49, 17, 51, 23, 58, 47, 33]
- [24, 2, 40, 9, 43, 3, 20, 58]
- [37, 3, 49, 16, 1]
- [13, 27, 34, 14, 8, 49, 20, 1]
- [5, 18, 2, 35, 50, 30, 57, 26, 49]
- [11, 7, 23, 24, 8, 14, 0, 35, 37, 21]
- [31, 39, 50, 34, 22, 41]
- [11, 23, 53, 31, 44, 9, 50, 10, 13]
- [30, 21, 42, 25, 58, 9, 37, 24, 28, 39]
- [53, 33, 8, 41, 56]
- [44, 47, 11, 50, 21, 15]
- [50, 33, 52, 39, 48]
- [1, 55, 48, 30, 4, 26, 27, 31, 57, 17]
- [22, 35, 36, 59, 24, 9, 41, 20, 54, 42, 2]
- [17, 30, 20, 3, 57, 32]
- [59, 17, 7, 32, 28, 6, 49, 0, 10, 45]
- [23, 7, 11, 50, 21, 18, 37, 34, 57]
- [45, 52, 17, 8, 33, 13, 42, 57, 11, 22, 7]
- [58, 36, 14, 0, 1, 52]
- [16, 31, 44, 42, 2, 8, 39, 38, 21, 13]
- [29, 57, 42, 59, 31, 51, 41, 53, 7, 52, 17, 33]
- [46, 43, 5, 22, 37, 57, 35, 55, 23, 13]
- [43, 45, 2, 11, 19]
- [58, 9, 36, 3, 22, 56, 25, 32, 40]
- [53, 39, 4, 19, 38, 44, 5, 0]
- [35, 15, 40, 50, 58, 12, 30, 17, 22, 43]
- [58, 5, 56, 26, 20, 55, 44]
- [53, 5, 35, 7, 0, 20, 52, 14]
- [33, 59, 18, 42, 7, 40, 22, 4, 41, 49, 47]
- [18, 11, 55, 29, 1, 23, 22, 25, 28, 8]
- [32, 59, 46, 6, 39, 42, 16]
- [44, 22, 50, 11, 6, 14]
- [4, 53, 8, 44, 37, 6, 46, 45]
- [20, 21, 50, 9, 26]
- [2, 54, 5, 45, 29, 30, 46, 51, 41, 49, 28]
- [9, 8, 12, 58, 50, 33, 15, 51, 0]
- [30, 43, 5, 45, 17, 22, 27, 46]
- [4, 23, 31, 46, 13, 49, 3]
- [5, 6, 55, 52, 49]
- [53, 28, 8, 29, 41, 31, 7, 37, 50, 38]
- [25, 17, 23, 5, 57, 29, 55, 34, 6]
- [44, 37, 30, 7, 11, 57, 31, 1, 46, 2, 52]
- [53, 33, 4, 38, 46, 20, 52, 13, 26, 36]
- [40, 16, 47, 46, 45, 56, 38, 54, 19, 22]
- [41, 36, 10, 33, 44, 8, 12, 32]
- [57, 5, 25, 43, 32, 50, 14, 21]
- [46, 54, 28, 44, 23, 36, 40, 26, 5]
- [50, 47, 55, 48, 52, 56, 33, 46, 11, 44, 30]
- [20, 15, 38, 56, 16, 44, 57]
- [19, 15, 27, 13, 31, 24, 36, 2, 3, 50]
- [51, 50, 10, 2, 25, 27, 21, 28, 40, 49, 53]
- [7, 2, 12, 14, 54]
- [52, 24, 38, 17, 4, 9, 6, 20, 14, 53]
- [37, 21, 55, 33, 57, 34]
