universum: 60
collection:
- [1, 34, 7, 14, 13, 38, 59, 23]
- [28, 3, 54, 0, 25, 37, 13, 38, 11]
- [27, 10, 35, 46, 15, 28, 17, 18, 0, 40, 21, 53]
- [20, 48, 44, 46, 35, 6, 34]
- [57, 56, 40, 8, 29]
- [41, 29, 21, 11, 59, 35, 1, 28, 0, 40, 42, 8]
- [56, 28, 5, 55, 9, 50, 59, 51, 41, 30, 10]
- [6, 32, 53, 28, 8, 34, 39, 1, 56, 41, 13, 46]
- [36, 59, 1, 39, 10, 28, 11, 31, 57, 45, 20, 58]
- [39, 19, 23, 21, 41, 15, 34, 1, 7, 18]
- [44, 3, 33, 39, 57, 31, 26, 8, 53, 47]
- [54, 26, 58, 32, 24]
- [0, 38, 8, 21, 47, 40, 5, 26, 9, 22, 30, 19]
- [1, 59, 55, 53, 28, 16, 31]
- [14, 53, 26, 28, 15, 52, 57, 48, 54, 7, 9, 8]
- [46, 34, 4, 53, 45]
- [46, 52, 18, 58, 26, 10, 35, 36, 59, 7, 50]
- [11, 9, 23, 17, 0, 30, 56, 58]
- [29, 26, 8, 49, 39, 20, 24, 46, 21, 22, 1, 5]
- [18, 44, 39, 8, 30, 58, 51, 55, 21, 25]
- [20, 30, 26, 17, 9, 0, 53, 44, 6]
- [14, 28, 2, 3, 24]
- [24, 39, 17, 52, 14, 58, 34, 54]
- [0, 14, 16, 1, 51, 12, 44, 10, 6, 28]
- [46, 17, 43, 10, 11]
- [50, 59, 53, 54, 15, 34, 33]
- [39, 53, 1, 13, 54, 26, 18, 52, 19]
- [56, 15, 49, 11, 2, 46, 12, 24, 22]
- [2, 41, 34, 49, 54, 5, 35, 3, 26, 19, 18]
- [22, 12, 49, 48, 59, 0, 46, 36, 33, 18]
- [28, 50, 20, 23, 16]
- [12, 5, 38, 58, 14, 8, 27, 25, 2, 35, 51, 15]
- [27, 26, 17, 20, 38, 52, 10, 41, 58, 45]
- [9, 54, 12, 56, 26, 41, 0, 55, 58, 23, 53]
- [41, 5, 49, 11, 20]
- [56, 35, 38, 46, 53, 17]
- [51, 30, 25, 40, 13]
- [44, 21, 41, 49, 6, 57, 18, 26, 15, 39, 32, 19]
- [33, 16, 28, 17, 34, 24, 55, 42]
- [52, 15, 1, 14, 34, 59, 46, 19, 28, 16, 27]
- [51, 17, 13, 29, 47, 19, 6]
- [30, 38, 34, 49, 12, 29, 56, 13]
- [36, 52, 21, 7, 29, 51, 23, 0, 48, 6, 25]
- [24, 0, 18, 55, 22, 42, 32, 5, 36, 1, 16]
- [19, 44, 16, 29, 37, 11, 46, 56, 36, 43, 42, 23]
- [7, 23, 21, 13, 58, 3, 31]
- [33, 41, 31, 28, 21, 8, 24]
- [30, 4, 57, 12, 46, 32, 44, 42, 28, 34, 11]
- [11, 12, 23, 26, 22, 15, 36, 32, 38, 44, 9, 24]
- [16, 42, 52, 50, 13, 45, 6, 23, 26]
- [54, 36, 24, 34, 18, 46, 59, 10, 40, 15, 23, 5]
- [43, 34, 10, 28, 31, 26, 2, 4, 0, 3, 53, 32]
- [10, 51, 42, 7, 21]
- [18, 28, 42, 45, 6, 11, 35, 39, 12, 24]
- [23, 6, 56, 30, 46, 15, 16, 42, 37, 5, 54]
- [18, 35, 22, 16, 37, 26, 51, 24, 1, 41, 9]
- [49, 13, 5, 47, 33, 23, 41, 16]
- [16, 52, 5, 6, 20, 24]
- [36, 49, 56, 21, 22, 29, 30, 15, 23]
- [16, 18, 40, 11, 2, 54, 46, 5]
- [13, 56, 53, 4, 51, 36, 55, 19]
- [47, 51, 49, 20, 41, 48]
- [52, 35, 10, 56, 37, 51, 4]
- [58, 9, 49, 53, 23, 41, 21, 7]
- [51, 56, 16, 17, 42, 24, 46, 49, 59, 36, 47, 40]
- [10, 55, 21, 53, 22, 24, 51, 9]
- [30, 31, 27, 42, 33, 2]
- [21, 40, 12, 20, 14, 59, 45, 5, 6, 4]
- [17, 55, 39, 30, 44, 40, 19, 16, 35, 2, 7, 38]
- [39, 57, 25, 11, 15, 56, 26]
- [34, 6, 17, 11, 54, 50, 27]
- [32, 38, 21, 46, 0, 5, 50, 18, 58, 37, 8]
- [20, 36, 4, 47, 49, 6, 1, 53, 15, 54, 19]
- [42, 46, 14, 9, 12, 58, 0, 40, 49, 7, 4]
- [25, 11, 20, 8, 36, 52, 35, 40, 38]
- [42, 12, 30, 50, 29, 53, 20, 23]
- [28, 4, 49, 32, 40, 47, 17, 3, 19, 18]
- [21, 56, 26, 30, 41, 55, 59, 44, 19, 24, 3, 2]
- [19, 28, 40, 9, 41, 32, 59, 36, 45, 5]
- [13, 28, 34, 50, 59, 43, 49, 58, 54]
