universum: 50
collection:
- [11, 13, 24, 6, 42, 3, 20, 17]
- [14, 31, 47, 26, 13, 11, 30, 35, 19]
- [27, 47, 40, 35, 11, 1, 25]
- [31, 44, 14, 36, 25, 32, 12]
- [8, 46, 18, 22, 1, 19]
- [43, 11, 7, 13, 35, 6, 18, 31, 22]
- [1, 23, 28, 13, 12, 36, 31, 29, 34]
- [3, 36, 44, 7, 2, 40, 8, 18]
- [40, 17, 37, 35, 48, 3]
- [32, 0, 37, 33, 11]
- [14, 10, 38, 4, 5]
- [26, 37, 35, 20, 21]
- [22, 21, 32, 26, 28, 18, 49, 1, 15, 30]
- [17, 4, 15, 0, 40]
- [40, 7, 49, 1, 23, 44, 48, 42, 10, 12]
- [26, 17, 4, 40, 13, 49, 22, 5, 21, 35]
- [24, 29, 39, 34, 7]
- [41, 30, 0, 15, 27]
- [42, 37, 23, 25, 41, 1, 12]
- [23, 37, 13, 39, 32]
- [32, 12, 6, 42, 15, 46, 3]
- [40, 32, 27, 41, 39, 7, 43]
- [33, 0, 5, 20, 45, 9, 34, 28, 6]
- [12, 1, 34, 2, 5, 29]
- [22, 40, 14, 7, 39, 49]
- [32, 35, 2, 10, 42, 11, 20]
- [45, 25, 21, 34, 3, 42, 41, 18, 32, 23]
- [44, 33, 28, 0, 24, 12, 23, 42]
- [34, 20, 38, 22, 13, 18, 35, 43, 47]
- [25, 47, 2, 18, 12, 41, 37, 17, 49, 21]
- [15, 44, 19, 49, 33, 32, 36, 46]
- [15, 22, 47, 34, 49]
- [48, 42, 5, 21, 1, 27, 39, 46, 2, 3]
- [38, 11, 43, 49, 8, 45, 12, 25]
- [3, 48, 22, 9, 39, 23, 33, 18, 14]
- [34, 45, 36, 30, 4, 38, 13, 18, 40, 10]
- [3, 29, 47, 39, 49, 19]
- [18, 13, 47, 29, 16]
- [41, 48, 29, 39, 40, 28, 6, 43, 38]
- [49, 46, 29, 47, 18, 44]
- [5, 30, 3, 44, 24, 21, 27]
- [16, 9, 7, 47, 35, 11, 1, 5, 12]
- [24, 11, 27, 17, 2]
- [24, 18, 11, 8, 36, 49, 4, 41]
- [48, 38, 28, 8, 12, 21, 16, 25]
- [34, 2, 23, 45, 4, 33, 40, 26, 19, 25]
- [5, 19, 45, 35, 26, 48, 25]
- [46, 43, 45, 2, 4]
- [1, 32, 36, 4, 24, 19, 10, 34]
- [23, 15, 1, 24, 0, 35, 46, 37]
- [12, 22, 5, 25, 37, 49]
- [3, 27, 45, 5, 46, 2]
- [33, 1, 9, 24, 2, 22, 45, 17, 10]
- [34, 10, 13, 7, 18, 1, 21]
- [20, 27, 2, 39, 22, 6, 34, 8, 9]
- [40, 31, 34, 1, 32]
- [30, 19, 46, 32, 47, 35, 48, 3, 28, 44]
- [33, 40, 28, 16, 0, 37]
- [6, 2, 4, 17, 25, 44, 10, 37, 34]
- [49, 20, 0, 12, 10]
- [27, 23, 22, 37, 28, 48, 8, 2, 0, 38]
- [47, 41, 28, 21, 8, 4, 36, 40, 43]
- [4, 23, 47, 40, 36]
- [15, 28, 47, 32, 42]
- [38, 18, 42, 36, 21, 29, 40, 30, 10]
- [7, 2, 9, 31, 24, 48]
- [11, 49, 15, 17, 20, 41, 13, 2]
- [46, 18, 48, 31, 42, 37, 2, 15, 43, 1]
- [18, 2, 14, 39, 41, 49, 23, 47, 32, 30]
- [24, 28, 10, 47, 22, 43, 27, 23]
