universum: 60
collection:
- [22, 8, 49, 18, 14, 23, 38, 19, 55, 32]
- [56, 1, 10, 55, 44, 5, 31, 36, 41, 50]
- [35, 21, 29, 13, 28, 8, 11, 10]
- [53, 36, 59, 35, 39, 24, 33, 51, 26, 2, 12, 4]
- [59, 42, 23, 50, 57, 27, 36, 51]
- [28, 8, 4, 10, 9, 48, 38]
- [20, 33, 13, 22, 54, 4, 24]
- [41, 29, 9, 11, 3, 45, 32, 25]
- [40, 14, 10, 9, 25, 18, 48, 39, 46, 26, 8]
- [40, 31, 41, 2, 0, 35, 28, 32, 13, 42, 39, 16]
- [31, 17, 5, 9, 25, 39, 51]
- [49, 10, 25, 5, 41, 14, 3]
- [55, 54, 7, 16, 8, 9, 46, 13, 10, 6, 27]
- [10, 49, 19, 1, 51, 43, 30, 50, 14, 48, 59]
- [22, 11, 56, 20, 18, 5, 48, 51, 47, 23]
- [24, 12, 47, 25, 54, 38, 52, 15, 39, 30, 20, 34]
- [25, 53, 30, 47, 35, 7, 56, 55, 2, 39, 26, 32]
- [25, 37, 53, 33, 10, 52, 51, 44, 26]
- [23, 36, 3, 10, 5, 46, 38, 8, 22, 41, 1, 4]
- [40, 4, 2, 7, 38, 33, 22, 10, 16, 50, 3, 48]
- [55, 49, 31, 2, 37, 45, 4, 36]
- [42, 18, 38, 20, 6, 53, 45]
- [52, 0, 58, 51, 47, 26, 15]
- [56, 38, 14, 6, 10, 2, 23, 27, 7, 46, 54, 47]
- [49, 16, 48, 1, 4, 46, 47, 10, 5, 30]
- [25, 9, 4, 27, 49, 37, 52]
- [9, 8, 52, 37, 32, 40, 31, 36]
- [28, 19, 14, 46, 35, 3, 48, 44, 6, 18, 37, 7]
- [50, 44, 13, 5, 15, 27, 46, 8, 30, 22, 29]
- [54, 11, 48, 46, 6, 1, 0, 49, 19, 20]
- [18, 24, 50, 29, 11, 49, 55, 17, 1]
- [14, 54, 26, 43, 2, 53, 23, 48, 47, 4, 19]
- [28, 2, 49, 48, 3, 29, 55, 26, 44, 50]
- [27, 13, 3, 12, 57, 10, 46, 19, 49, 53, 7]
- [38, 11, 37, 21, 33, 5, 7, 53]
- [21, 19, 29, 38, 18, 10, 28]
- [44, 35, 45, 47, 57, 12, 34, 13, 20]
- [31, 46, 39, 29, 35, 30, 59, 12, 44]
- [39, 55, 3, 21, 28, 42, 59, 41]
- [22, 12, 17, 0, 39, 7, 44, 19, 26, 31, 25, 41]
- [54, 15, 1, 39, 11, 12, 43, 10, 25]
- [13, 10, 44, 34, 31, 4, 50, 0, 15, 1, 6, 42]
- [59, 2, 12, 29, 8, 41, 23, 6, 55, 19, 38, 52]
- [10, 26, 16, 47, 57, 18, 30, 13, 40, 45, 53]
- [30, 15, 1, 10, 20, 11, 2, 55, 47, 22, 7]
- [17, 19, 1, 50, 54, 22, 47, 6, 32]
- [27, 33, 47, 9, 49, 34, 14]
- [19, 11, 26, 36, 4, 22, 5, 55, 23, 13, 44, 38]
- [24, 33, 40, 26, 25, 46, 0, 38, 39, 20, 45, 56]
- [4, 56, 30, 39, 10, 11, 1, 54, 42]
- [59, 0, 24, 45, 16, 20, 5, 30, 26, 23, 34]
- [4, 24, 18, 7, 29, 50, 8]
- [0, 47, 5, 55, 24, 13, 2]
- [12, 13, 20, 49, 0, 19, 37, 5, 21, 41]
- [41, 0, 39, 46, 10, 32, 30, 26]
- [26, 40, 10, 54, 47, 8, 55, 33, 44, 30, 53, 52]
- [4, 2, 24, 26, 6, 28, 18, 46, 0, 44, 7]
- [3, 6, 38, 55, 7, 43, 40, 23, 33]
- [42, 27, 37, 57, 34, 49, 50, 44, 58, 56, 35]
- [31, 27, 52, 14, 45, 51, 4, 12, 55, 29, 24]
- [37, 39, 29, 51, 41, 46, 20, 13]
- [36, 26, 50, 53, 24, 44, 54, 35, 30, 59]
- [38, 36, 23, 16, 2, 33, 5]
- [9, 23, 53, 1, 22, 38, 0, 5, 47]
- [46, 3, 47, 42, 0, 16, 53]
- [35, 56, 42, 37, 53, 24, 36, 19, 18, 59]
- [14, 29, 4, 54, 36, 22, 5]
- [59, 33, 41, 25, 14, 50, 56, 44]
- [45, 9, 51, 59, 17, 39, 8]
- [19, 10, 53, 28, 3, 1, 57, 13, 9]
- [2, 33, 14, 20, 56, 42, 17, 28, 29]
- [6, 16, 49, 2, 35, 53, 56, 18]
- [45, 23, 9, 37, 53, 0, 46, 20, 27, 2]
- [38, 50, 48, 27, 54, 31, 8, 12, 28]
- [27, 35, 49, 0, 19, 18, 52, 23, 41, 11]
- [32, 6, 19, 42, 48, 53, 40, 28, 12, 44]
- [16, 13, 23, 47, 41, 9, 7, 3, 28, 22, 56]
- [8, 9, 18, 0, 45, 36, 31, 10, 21, 58, 33]
- [43, 19, 28, 34, 42, 55, 29, 0]
- [27, 47, 25, 19, 17, 39, 11, 9, 10, 38, 46]
