universum: 60
collection:
- [16, 53, 39, 10, 36]
- [18, 0, 50, 16, 42, 30, 6, 4, 22, 20]
- [19, 20, 55, 8, 31, 5]
- [6, 8, 43, 24, 2]
- [45, 38, 49, 36, 6, 13, 1, 26]
- [34, 57, 41, 13, 22]
- [58, 52, 16, 44, 46, 59, 41, 14]
- [13, 52, 12, 11, 19, 4, 14, 21, 31, 9, 41]
- [44, 12, 19, 23, 40]
- [12, 31, 43, 56, 36, 16, 20]
- [8, 42, 33, 27, 34, 22, 19, 31, 17, 46, 43]
- [10, 49, 17, 27, 33, 23, 42, 53, 16]
- [50, 22, 34, 12, 13, 33, 40, 6, 45, 11, 43]
- [15, 49, 53, 2, 20, 33, 39, 43]
- [9, 6, 22, 4, 40, 46, 57, 17, 44]
- [7, 14, 9, 53, 38, 15, 10, 21, 23]
- [49, 16, 23, 36, 31, 47, 24]
- [47, 53, 50, 10, 43, 57]
- [10, 18, 12, 30, 2, 9, 28, 49, 24, 44, 17]
- [5, 27, 32, 38, 26, 14, 40, 46]
- [47, 13, 37, 39, 52, 2]
- [50, 15, 46, 30, 11, 55]
- [13, 32, 28, 49, 1, 16, 36]
- [19, 51, 33, 22, 52, 4, 46]
- [58, 3, 45, 32, 10, 39, 0, 28, 31, 12]
- [38, 57, 25, 40, 16, 11, 55]
- [3, 17, 34, 43, 22, 29, 4, 5, 54, 24]
- [38, 33, 55, 6, 16, 41, 28, 14, 54, 40, 8]
- [50, 43, 52, 26, 11, 5]
- [51, 26, 31, 17, 50, 25, 44, 38, 16]
- [7, 22, 16, 54, 48, 59, 11, 8, 58, 32, 27]
- [1, 2, 42, 4, 56, 9, 20]
- [58, 13, 20, 12, 16, 37]
- [52, 55, 31, 26, 39, 18, 23, 35, 0, 54, 22]
- [30, 58, 12, 46, 13]
- [31, 0, 3, 46, 25, 33, 18, 50, 20, 45]
- [11, 52, 36, 13, 59, 44, 29, 19, 3, 22, 27, 17]
- [16, 51, 18, 10, 53, 7, 13, 22, 36, 40, 5, 23]
- [56, 8, 23, 13, 4, 44, 15]
- [8, 19, 7, 58, 1, 10, 50]
- [51, 36, 53, 43, 4, 44, 6, 57]
- [32, 47, 1, 3, 45, 14, 17, 4, 9]
- [10, 56, 35, 30, 5, 9, 45, 3]
- [15, 10, 32, 29, 23, 53, 39, 24, 18, 46, 1, 48]
- [16, 44, 5, 31, 3, 33, 18, 17, 1, 51, 50, 36]
- [32, 38, 40, 58, 5, 1, 27, 45, 26, 50, 39, 37]
- [33, 22, 9, 49, 50, 14, 31, 34]
- [46, 42, 52, 37, 32, 14]
- [21, 20, 25, 30, 15]
- [10, 27, 53, 36, 44, 0, 6, 12]
- [25, 31, 28, 37, 8, 41, 49, 54]
- [36, 16, 12, 39, 38, 11, 29, 43, 23, 32, 40, 50]
- [27, 21, 14, 49, 12, 35, 47, 34, 20, 7, 30]
- [0, 55, 34, 3, 26, 23, 59, 56, 14, 57]
- [14, 33, 46, 5, 38, 6, 24, 31, 1, 28, 42, 22]
- [58, 50, 47, 39, 25, 36, 38, 30]
- [41, 6, 28, 3, 44, 29, 14, 52, 35, 25, 39, 20]
- [24, 41, 52, 11, 43, 29, 34, 57, 40]
- [22, 13, 52, 42, 56, 54, 39, 7, 17, 15, 14]
- [48, 46, 16, 14, 33, 35, 29, 28, 45, 26]
- [41, 29, 1, 27, 4, 46, 5]
- [4, 56, 16, 9, 27, 29]
- [42, 16, 10, 21, 41, 5, 35, 15, 34]
- [13, 50, 36, 39, 29, 58, 26, 30]
- [42, 45, 58, 1, 54, 53, 27, 0, 34]
- [0, 54, 45, 30, 40, 46, 50, 35]
- [32, 28, 56, 58, 49, 25, 50, 42, 17, 43]
- [11, 57, 39, 51, 22, 24, 23, 21, 6]
- [17, 6, 34, 13, 37, 47, 19, 48, 7, 39, 51]
- [44, 35, 59, 50, 49]
- [23, 8, 17, 1, 33, 47, 11, 12]
- [49, 8, 56, 35, 43, 0, 37, 59]
- [25, 27, 13, 34, 30, 32, 23, 9, 54, 11]
- [34, 30, 4, 2, 32, 33, 46, 54]
- [1, 52, 5, 11, 45, 6, 2, 9, 37]
- [34, 27, 25, 36, 18, 14, 10, 33, 5]
- [43, 30, 36, 33, 51, 47, 46, 56]
- [46, 32, 27, 47, 18, 4]
- [11, 38, 2, 56, 12, 32, 25, 36, 14, 6, 41]
- [37, 55, 35, 27, 3]
