universum: 50
collection:
- [11, 37, 23, 41, 40, 32]
- [28, 6, 47, 32, 9, 0, 34, 27, 12, 45]
- [20, 4, 39, 48, 32, 41, 37, 10, 45, 5, 17]
- [24, 44, 18, 3, 9, 36, 4]
- [46, 44, 3, 12, 45, 24, 2, 21, 28, 29]
- [31, 42, 37, 28, 38, 45, 48, 20]
- [6, 35, 19, 34, 29, 41, 20, 28]
- [25, 44, 3, 14, 30, 6, 47, 0]
- [46, 37, 30, 18, 32, 33]
- [18, 7, 46, 43, 17, 48]
- [14, 27, 41, 4, 18, 8, 17]
- [12, 0, 35, 19, 33, 26, 18]
- [2, 35, 5, 3, 10, 28, 40, 22, 12]
- [48, 33, 1, 6, 12, 5, 40, 17, 39]
- [10, 40, 49, 15, 19, 41, 38, 13, 1]
- [3, 0, 25, 9, 45, 6]
- [22, 32, 43, 0, 49, 44]
- [14, 7, 24, 45, 3, 34, 8, 49, 21, 11]
- [34, 40, 8, 31, 42, 44, 4, 49, 13, 24, 18]
- [47, 35, 23, 33, 2, 17, 1]
- [27, 18, 11, 9, 5, 6, 32, 49, 35]
- [48, 28, 38, 31, 9, 5, 37, 27]
- [18, 24, 39, 34, 0, 13, 7, 11, 30, 19, 45]
- [31, 43, 11, 19, 0, 32]
- [35, 24, 41, 3, 8, 2, 6, 25, 5, 20]
- [21, 47, 33, 26, 39, 18]
- [25, 1, 48, 29, 14, 21, 31, 11, 24]
- [31, 21, 4, 9, 6, 0, 3, 45, 26, 38]
- [13, 8, 27, 21, 33, 17, 25]
- [13, 21, 47, 16, 24, 44, 26]
- [0, 38, 24, 30, 42, 31, 36, 22]
- [34, 21, 5, 16, 7, 38, 18, 26, 33, 28]
- [22, 24, 41, 3, 7, 31, 36, 9]
- [32, 12, 43, 25, 36, 37, 24, 35]
- [24, 31, 3, 23, 13, 26, 22, 28, 19, 44]
- [22, 47, 26, 1, 31, 0]
- [48, 33, 49, 34, 44, 8, 29, 25, 0, 7, 37]
- [5, 40, 44, 32, 48, 24, 18, 8, 49, 43, 16]
- [46, 0, 44, 36, 28, 43, 16, 27, 21, 10]
- [43, 42, 19, 17, 48, 27, 9, 5]
- [1, 7, 29, 45, 31, 43, 9]
- [12, 23, 34, 0, 22, 2, 47]
- [11, 35, 48, 17, 2, 19, 30]
- [43, 7, 36, 14, 21, 46, 6, 15, 13, 48]
- [30, 9, 39, 47, 43, 21]
- [20, 18, 46, 41, 4, 25, 39]
- [41, 17, 5, 9, 20, 18, 10, 11, 32, 43]
- [26, 20, 36, 9, 44, 27, 32, 16, 21]
- [13, 9, 34, 8, 36, 49, 6, 21, 16, 19]
- [43, 36, 7, 32, 42, 26, 15, 11]
- [11, 2, 30, 12, 43, 38]
- [39, 49, 31, 30, 6, 29, 17]
- [36, 40, 43, 37, 29, 20, 21, 15, 16]
- [11, 36, 14, 17, 44, 47, 26, 41, 40, 49]
- [34, 41, 30, 0, 8, 12, 42, 4, 11, 17, 19]
- [29, 11, 18, 42, 35, 4, 32, 17, 24, 9, 36]
- [14, 29, 46, 34, 26, 15, 38, 43, 45, 22, 1]
- [44, 9, 7, 47, 18, 38, 43]
- [14, 25, 7, 20, 16, 38, 6, 3, 40, 11]
- [35, 46, 24, 3, 14, 33, 7, 32, 42]
- [37, 2, 24, 45, 4, 18, 7, 27, 44, 40, 42]
- [47, 48, 19, 22, 0, 23, 42, 44]
- [34, 32, 16, 48, 15, 39, 2, 11]
- [6, 14, 32, 17, 10, 29, 22]
- [34, 28, 33, 40, 3, 25, 45, 11, 49]
- [20, 44, 12, 3, 35, 30, 6]
- [46, 45, 9, 8, 37, 35, 10, 23]
- [7, 9, 31, 40, 35, 44, 28, 21, 38, 5, 15]
- [9, 1, 39, 30, 36, 5, 17]
- [34, 47, 33, 15, 16, 2, 43, 20, 31]
