universum: 60
collection:
- [2, 45, 29, 1, 38, 57, 6, 20]
- [19, 48, 56, 18, 11, 13, 54, 1, 6, 43]
- [0, 7, 35, 39, 50, 14, 2, 28, 56, 16, 36, 57]
- [4, 1, 36, 58, 54, 6, 37]
- [1, 48, 43, 31, 16, 57, 47, 8, 27, 58, 30, 26]
- [58, 41, 57, 4, 11, 51, 36, 3]
- [56, 32, 1, 5, 15, 7, 2, 45, 0, 9]
- [2, 55, 57, 18, 50, 14, 51, 22, 21]
- [43, 45, 11, 47, 38, 2, 24, 8, 48, 10, 34]
- [1, 21, 3, 52, 50, 8, 51, 14, 53, 34, 46, 48]
- [14, 13, 25, 23, 18, 31, 8, 42, 9, 35, 49]
- [17, 36, 37, 12, 42, 20, 54, 56, 28]
- [0, 7, 58, 21, 13, 17, 41, 5, 23, 9, 36, 49]
- [49, 25, 5, 59, 44, 26, 18, 6]
- [27, 26, 49, 40, 30, 20, 33, 52, 46, 19, 34]
- [48, 15, 2, 38, 5, 57, 1, 11, 12, 3, 18]
- [25, 22, 10, 32, 52, 53, 20, 30, 33, 49]
- [59, 40, 43, 26, 37, 57, 48, 9]
- [53, 46, 56, 18, 0, 27, 12, 21, 43, 14, 30, 29]
- [55, 5, 34, 35, 4, 43, 57]
- [5, 56, 26, 11, 7, 8, 57, 16, 49, 1, 55, 30]
- [39, 57, 25, 19, 5, 40, 7, 1, 0]
- [24, 26, 43, 40, 46, 57, 7, 2, 17]
- [35, 22, 36, 12, 52, 1, 54, 40, 24, 51]
- [19, 0, 54, 56, 52, 32, 21, 58, 12, 36, 1, 33]
- [55, 29, 7, 50, 27, 53, 36, 58, 8]
- [56, 3, 52, 20, 5, 23, 43, 1, 37, 22, 41]
- [51, 13, 36, 25, 35, 38, 50, 16, 11, 42]
- [34, 31, 40, 24, 32, 28, 17, 33, 42, 26, 47]
- [58, 59, 30, 10, 42, 13, 21, 18]
- [43, 42, 19, 38, 36, 48, 35, 16, 47, 24, 39]
- [6, 22, 15, 27, 9, 39, 28, 1, 47]
- [34, 14, 6, 22, 37, 28, 50, 32]
- [54, 51, 9, 2, 56, 37, 40]
- [19, 42, 6, 25, 52, 26, 9, 10, 35, 28, 7, 30]
- [13, 42, 50, 6, 27, 22, 33, 5, 7]
- [48, 1, 21, 43, 40, 22, 5, 37, 56, 57]
- [0, 57, 23, 54, 12, 25, 11, 9]
- [10, 39, 26, 45, 57, 34, 14, 15, 28, 2, 6]
- [50, 44, 14, 15, 0, 45, 10, 2, 21, 36, 8, 55]
- [8, 57, 32, 38, 50, 17, 12, 10, 40, 48, 26]
- [59, 2, 30, 0, 43, 27, 56, 38, 13, 40, 55, 34]
- [25, 55, 43, 40, 50, 46, 51, 21, 33, 7]
- [39, 12, 7, 59, 49, 40, 19, 57, 5, 24, 50]
- [53, 14, 13, 5, 58, 32, 4, 44]
- [42, 2, 7, 50, 3, 25, 51, 33, 27, 24]
- [6, 17, 21, 47, 7, 56, 41, 18, 38, 0, 20, 16]
- [22, 39, 56, 48, 15, 45, 29, 10, 20, 21, 36]
- [7, 43, 12, 9, 27, 32, 54]
- [32, 17, 44, 43, 52, 49, 4, 59, 30, 20, 9, 16]
- [52, 56, 59, 16, 32, 22, 58]
- [54, 45, 39, 19, 43, 24, 11, 3, 35, 40, 15]
- [53, 3, 1, 17, 5, 57, 24, 13, 37, 38, 45, 56]
- [3, 38, 27, 51, 56, 47, 11, 59]
- [10, 54, 49, 21, 24, 55, 59, 36]
- [14, 1, 21, 16, 30, 17, 45, 50, 25]
- [49, 22, 51, 25, 20, 7, 46]
- [34, 33, 0, 14, 56, 9, 54, 23]
- [16, 27, 55, 59, 21, 4, 58, 37, 2, 43, 56]
- [10, 36, 46, 20, 53, 2, 0]
- [52, 28, 55, 11, 2, 36, 37, 13, 50]
- [48, 50, 20, 14, 3, 28, 15]
- [41, 34, 57, 21, 18, 58, 32, 39, 3, 4, 16, 29]
- [21, 43, 16, 44, 33, 49, 29, 55, 14, 28, 22]
- [41, 48, 12, 15, 44, 3, 45, 54, 40]
- [32, 59, 3, 17, 58, 35, 41, 47, 56, 34]
- [53, 41, 16, 49, 46, 23, 26, 7, 30, 20]
- [53, 11, 30, 58, 8, 57, 23, 22, 9, 6]
- [27, 41, 6, 30, 45, 35, 13]
- [12, 26, 21, 14, 15, 7, 45, 33, 2]
- [7, 34, 16, 22, 30, 37, 20, 38, 2, 11]
- [32, 16, 9, 40, 13, 27, 35, 38]
- [36, 55, 35, 0, 44, 1, 22, 4, 47, 26, 33, 8]
- [5, 4, 47, 23, 31, 58, 52, 35, 28, 27, 34]
- [15, 6, 19, 53, 25, 28, 37, 21, 13, 36, 48, 40]
- [29, 37, 17, 4, 39, 14, 55, 23, 34, 26, 11]
- [46, 6, 34, 45, 57, 48, 24, 15, 9, 51, 42, 35]
- [54, 4, 44, 40, 19, 38, 9, 51, 3, 23, 11, 29]
- [31, 33, 40, 39, 32, 36, 28, 14, 34, 53, 58, 46]
- [16, 50, 57, 5, 51, 30, 36, 32, 33, 20, 8, 42]
