universum: 60
collection:
- [11, 58, 10, 29, 21, 17, 20, 35, 40, 19]
- [25, 28, 41, 8, 20, 22, 52, 2, 35, 27, 50, 54]
- [18, 2, 41, 50, 13, 44, 42]
- [34, 33, 45, 4, 2, 18, 46, 36, 41, 19]
- [12, 5, 28, 42, 51, 16, 52, 59, 6, 2, 21]
- [45, 8, 54, 2, 24]
- [33, 4, 8, 1, 45, 7, 2, 50, 44, 32]
- [8, 52, 4, 20, 35, 45, 41, 24, 9, 14]
- [37, 25, 52, 51, 33, 22, 4, 58, 13, 44]
- [32, 51, 30, 31, 0, 50, 48, 42, 24, 7, 37, 4]
- [14, 18, 39, 55, 9, 58, 45, 8, 43, 5, 33]
- [48, 42, 17, 28, 59, 52, 7, 3, 51, 38, 23]
- [23, 33, 47, 25, 41, 3, 7, 59, 58, 43]
- [54, 17, 44, 18, 10, 26]
- [38, 2, 5, 12, 25]
- [14, 25, 19, 45, 50, 33, 16, 52]
- [21, 19, 44, 2, 30]
- [21, 27, 13, 50, 15, 25, 11, 38, 16, 22, 12]
- [14, 33, 58, 13, 5, 49, 50, 51, 19, 55, 11]
- [42, 58, 23, 41, 33, 27, 7, 1, 49]
- [39, 15, 19, 34, 6, 17, 9, 28, 31, 21]
- [12, 51, 5, 20, 49, 14, 17, 33]
- [18, 15, 30, 37, 27, 17, 28, 16, 3, 41]
- [24, 39, 18, 48, 7, 4, 25, 23, 43, 17, 20, 58]
- [38, 5, 19, 18, 26, 44, 28]
- [8, 26, 18, 57, 22, 28, 21, 45]
- [42, 48, 8, 50, 47, 23, 41, 43, 7, 52, 12]
- [31, 25, 11, 50, 19, 7, 29]
- [31, 59, 53, 51, 21]
- [39, 8, 45, 42, 47]
- [45, 8, 28, 50, 57, 40, 23, 11]
- [14, 33, 43, 24, 10, 12, 34, 22, 4, 44, 16]
- [48, 23, 46, 39, 45, 49, 35, 18, 7]
- [0, 59, 10, 6, 15, 58, 50]
- [2, 30, 44, 3, 1, 59, 28, 54]
- [35, 8, 12, 30, 0, 52, 42, 41, 17, 34, 21, 50]
- [9, 26, 50, 48, 45, 38, 31]
- [13, 34, 2, 50, 55, 58, 40, 23]
- [8, 21, 42, 30, 53, 1, 29, 35, 56, 20, 24, 2]
- [3, 26, 20, 12, 23, 52, 27]
- [47, 45, 49, 33, 9, 39, 41, 50]
- [46, 19, 27, 9, 36, 59, 57, 25]
- [12, 16, 42, 28, 17, 43, 51]
- [14, 39, 48, 6, 23, 7, 46]
- [25, 46, 49, 57, 45, 11, 36, 20, 59, 15, 55]
- [8, 34, 46, 45, 19, 27, 57, 13, 18, 4]
- [24, 38, 15, 27, 36, 19]
- [41, 3, 19, 40, 47]
- [21, 28, 40, 33, 46, 10, 3, 39, 6, 38]
- [6, 24, 46, 32, 55, 25, 43, 45, 20, 36, 47]
- [30, 36, 20, 52, 13, 53, 44]
- [21, 59, 15, 13, 51, 7]
- [30, 44, 58, 59, 39, 32, 29, 35, 24]
- [42, 10, 55, 3, 28, 2, 13]
- [2, 40, 17, 59, 16, 33]
- [59, 58, 6, 2, 30, 34, 40]
- [12, 48, 39, 2, 7, 37, 25, 0, 4, 1, 56, 32]
- [24, 30, 4, 18, 5, 9, 33, 51]
- [31, 13, 46, 52, 22, 39, 4, 28, 25]
- [26, 39, 38, 21, 5]
- [56, 47, 14, 38, 27]
- [15, 11, 10, 14, 53, 5, 55, 31, 40]
- [18, 46, 15, 52, 51, 21, 14, 24]
- [48, 44, 31, 10, 39, 0, 41, 51, 14, 11, 17, 50]
- [13, 9, 42, 19, 47, 34, 6, 15, 59, 27, 21]
- [57, 38, 34, 1, 17, 50, 41, 2, 31, 3]
- [32, 54, 33, 6, 7, 59, 48, 18, 3, 20]
- [42, 39, 26, 27, 34, 4, 49, 5, 9]
- [33, 13, 57, 17, 37, 8]
- [37, 20, 41, 55, 19, 34, 46]
- [20, 41, 12, 25, 5, 34, 43, 9, 26]
- [37, 19, 53, 51, 59]
- [49, 21, 57, 32, 36, 25, 5]
- [11, 8, 27, 41, 46, 24]
- [25, 52, 6, 28, 30, 53, 56, 46, 35]
- [5, 12, 51, 25, 43, 35, 8, 59, 21, 19]
- [30, 40, 19, 54, 1, 38]
- [17, 29, 14, 30, 18, 56]
- [50, 44, 34, 1, 16, 45, 20, 53, 39, 40]
- [23, 48, 16, 47, 9, 15, 14, 50, 38, 33]
