70
0 1 1
0 2 3
0 3 1
0 4 1
0 5 3
0 6 1
0 7 2
0 8 3
0 9 3
0 10 1
0 11 1
0 12 1
0 13 5
0 14 2
0 15 3
0 16 4
0 17 3
0 18 1
0 19 3
0 20 1
0 21 3
0 22 5
0 23 2
0 24 3
0 25 1
0 26 1
0 27 2
0 28 1
0 29 5
0 30 4
0 31 2
0 32 2
0 33 2
0 34 3
0 35 3
0 36 1
0 37 2
0 38 5
0 39 2
0 40 1
0 41 4
0 42 1
0 43 2
0 44 3
0 45 1
0 46 2
0 47 2
0 48 3
0 49 2
0 50 1
0 51 3
0 52 5
0 53 4
0 54 1
0 55 2
0 56 2
0 57 2
0 58 4
0 59 2
0 60 4
0 61 5
0 62 1
0 63 3
0 64 3
0 65 4
0 66 4
0 67 3
0 68 2
0 69 2
1 2 3
1 3 3
1 4 1
1 5 2
1 6 3
1 7 4
1 8 3
1 9 5
1 10 2
1 11 3
1 12 3
1 13 2
1 14 1
1 15 2
1 16 2
1 17 5
1 18 1
1 19 1
1 20 2
1 21 1
1 22 2
1 23 1
1 24 2
1 25 3
1 26 5
1 27 3
1 28 1
1 29 1
1 30 1
1 31 3
1 32 3
1 33 5
1 34 3
1 35 2
1 36 3
1 37 1
1 38 1
1 39 1
1 40 5
1 41 3
1 42 3
1 43 4
1 44 3
1 45 4
1 46 1
1 47 2
1 48 2
1 49 2
1 50 1
1 51 1
1 52 2
1 53 1
1 54 3
1 55 1
1 56 2
1 57 2
1 58 3
1 59 3
1 60 3
1 61 2
1 62 2
1 63 2
1 64 2
1 65 3
1 66 1
1 67 5
1 68 3
1 69 2
2 3 1
2 4 1
2 5 2
2 6 3
2 7 5
2 8 2
2 9 3
2 10 2
2 11 3
2 12 2
2 13 3
2 14 2
2 15 2
2 16 3
2 17 2
2 18 2
2 19 3
2 20 1
2 21 1
2 22 2
2 23 3
2 24 2
2 25 4
2 26 2
2 27 1
2 28 1
2 29 3
2 30 1
2 31 2
2 32 3
2 33 2
2 34 3
2 35 3
2 36 2
2 37 2
2 38 1
2 39 1
2 40 2
2 41 1
2 42 1
2 43 2
2 44 1
2 45 1
2 46 2
2 47 1
2 48 3
2 49 3
2 50 2
2 51 2
2 52 3
2 53 3
2 54 2
2 55 2
2 56 1
2 57 5
2 58 2
2 59 5
2 60 2
2 61 2
2 62 2
2 63 2
2 64 1
2 65 2
2 66 1
2 67 5
2 68 1
2 69 3
3 4 3
3 5 3
3 6 3
3 7 1
3 8 2
3 9 5
3 10 1
3 11 2
3 12 2
3 13 1
3 14 3
3 15 2
3 16 3
3 17 5
3 18 2
3 19 2
3 20 3
3 21 2
3 22 2
3 23 2
3 24 2
3 25 5
3 26 2
3 27 3
3 28 1
3 29 3
3 30 1
3 31 1
3 32 2
3 33 4
3 34 1
3 35 2
3 36 1
3 37 1
3 38 3
3 39 1
3 40 1
3 41 3
3 42 1
3 43 5
3 44 2
3 45 4
3 46 3
3 47 3
3 48 1
3 49 3
3 50 3
3 51 2
3 52 1
3 53 1
3 54 3
3 55 3
3 56 3
3 57 4
3 58 1
3 59 2
3 60 2
3 61 3
3 62 1
3 63 1
3 64 2
3 65 3
3 66 1
3 67 4
3 68 1
3 69 3
4 5 3
4 6 2
4 7 3
4 8 3
4 9 3
4 10 2
4 11 1
4 12 3
4 13 3
4 14 2
4 15 3
4 16 5
4 17 1
4 18 2
4 19 1
4 20 3
4 21 5
4 22 4
4 23 3
4 24 1
4 25 2
4 26 1
4 27 1
4 28 1
4 29 3
4 30 1
4 31 1
4 32 2
4 33 2
4 34 1
4 35 3
4 36 2
4 37 1
4 38 4
4 39 2
4 40 2
4 41 4
4 42 2
4 43 3
4 44 5
4 45 2
4 46 2
4 47 4
4 48 1
4 49 2
4 50 1
4 51 3
4 52 5
4 53 1
4 54 1
4 55 1
4 56 2
4 57 1
4 58 1
4 59 2
4 60 5
4 61 2
4 62 2
4 63 1
4 64 5
4 65 5
4 66 2
4 67 2
4 68 2
4 69 1
5 6 1
5 7 1
5 8 3
5 9 1
5 10 3
5 11 1
5 12 3
5 13 4
5 14 2
5 15 2
5 16 1
5 17 2
5 18 2
5 19 1
5 20 4
5 21 2
5 22 2
5 23 1
5 24 1
5 25 3
5 26 1
5 27 2
5 28 3
5 29 3
5 30 1
5 31 1
5 32 3
5 33 3
5 34 1
5 35 5
5 36 2
5 37 2
5 38 2
5 39 5
5 40 2
5 41 5
5 42 3
5 43 2
5 44 1
5 45 2
5 46 2
5 47 1
5 48 1
5 49 1
5 50 1
5 51 1
5 52 3
5 53 4
5 54 1
5 55 2
5 56 3
5 57 2
5 58 4
5 59 2
5 60 1
5 61 5
5 62 1
5 63 3
5 64 3
5 65 2
5 66 1
5 67 2
5 68 2
5 69 5
6 7 3
6 8 1
6 9 2
6 10 5
6 11 3
6 12 1
6 13 4
6 14 2
6 15 2
6 16 4
6 17 3
6 18 1
6 19 3
6 20 4
6 21 1
6 22 3
6 23 5
6 24 1
6 25 3
6 26 3
6 27 1
6 28 3
6 29 5
6 30 3
6 31 3
6 32 5
6 33 1
6 34 2
6 35 5
6 36 2
6 37 4
6 38 4
6 39 4
6 40 2
6 41 2
6 42 1
6 43 1
6 44 1
6 45 1
6 46 3
6 47 5
6 48 1
6 49 4
6 50 1
6 51 5
6 52 4
6 53 2
6 54 1
6 55 2
6 56 3
6 57 3
6 58 3
6 59 2
6 60 5
6 61 1
6 62 4
6 63 3
6 64 1
6 65 2
6 66 3
6 67 3
6 68 4
6 69 3
7 8 3
7 9 2
7 10 1
7 11 3
7 12 4
7 13 3
7 14 2
7 15 1
7 16 1
7 17 3
7 18 2
7 19 3
7 20 3
7 21 2
7 22 3
7 23 1
7 24 3
7 25 4
7 26 5
7 27 3
7 28 1
7 29 1
7 30 3
7 31 2
7 32 1
7 33 2
7 34 1
7 35 3
7 36 3
7 37 3
7 38 1
7 39 2
7 40 1
7 41 2
7 42 1
7 43 2
7 44 2
7 45 2
7 46 5
7 47 3
7 48 3
7 49 2
7 50 1
7 51 1
7 52 3
7 53 3
7 54 1
7 55 2
7 56 2
7 57 3
7 58 1
7 59 4
7 60 3
7 61 1
7 62 2
7 63 1
7 64 2
7 65 3
7 66 1
7 67 2
7 68 1
7 69 2
8 9 3
8 10 3
8 11 3
8 12 2
8 13 1
8 14 3
8 15 4
8 16 3
8 17 1
8 18 1
8 19 1
8 20 1
8 21 3
8 22 3
8 23 3
8 24 3
8 25 1
8 26 1
8 27 3
8 28 2
8 29 1
8 30 2
8 31 1
8 32 2
8 33 2
8 34 2
8 35 3
8 36 1
8 37 2
8 38 1
8 39 2
8 40 3
8 41 3
8 42 1
8 43 2
8 44 2
8 45 1
8 46 2
8 47 3
8 48 3
8 49 2
8 50 2
8 51 2
8 52 2
8 53 3
8 54 2
8 55 2
8 56 3
8 57 3
8 58 3
8 59 2
8 60 1
8 61 2
8 62 1
8 63 3
8 64 3
8 65 1
8 66 2
8 67 3
8 68 3
8 69 2
9 10 2
9 11 1
9 12 5
9 13 2
9 14 4
9 15 1
9 16 1
9 17 3
9 18 1
9 19 1
9 20 2
9 21 3
9 22 1
9 23 1
9 24 3
9 25 5
9 26 1
9 27 2
9 28 1
9 29 2
9 30 3
9 31 1
9 32 2
9 33 2
9 34 2
9 35 3
9 36 3
9 37 3
9 38 2
9 39 2
9 40 5
9 41 2
9 42 1
9 43 2
9 44 3
9 45 5
9 46 1
9 47 3
9 48 1
9 49 3
9 50 3
9 51 1
9 52 2
9 53 3
9 54 3
9 55 3
9 56 2
9 57 1
9 58 3
9 59 1
9 60 2
9 61 1
9 62 3
9 63 3
9 64 2
9 65 1
9 66 2
9 67 3
9 68 3
9 69 2
10 11 3
10 12 2
10 13 3
10 14 1
10 15 2
10 16 1
10 17 2
10 18 1
10 19 1
10 20 4
10 21 3
10 22 2
10 23 1
10 24 1
10 25 2
10 26 3
10 27 1
10 28 3
10 29 2
10 30 4
10 31 5
10 32 4
10 33 1
10 34 1
10 35 3
10 36 1
10 37 4
10 38 2
10 39 4
10 40 1
10 41 1
10 42 3
10 43 1
10 44 4
10 45 3
10 46 1
10 47 3
10 48 2
10 49 2
10 50 1
10 51 1
10 52 4
10 53 3
10 54 1
10 55 1
10 56 1
10 57 3
10 58 1
10 59 2
10 60 5
10 61 3
10 62 1
10 63 3
10 64 5
10 65 4
10 66 2
10 67 2
10 68 1
10 69 4
11 12 2
11 13 1
11 14 3
11 15 1
11 16 2
11 17 1
11 18 1
11 19 3
11 20 1
11 21 3
11 22 1
11 23 1
11 24 2
11 25 2
11 26 2
11 27 1
11 28 1
11 29 1
11 30 1
11 31 3
11 32 3
11 33 2
11 34 3
11 35 3
11 36 3
11 37 2
11 38 3
11 39 3
11 40 1
11 41 2
11 42 3
11 43 1
11 44 3
11 45 1
11 46 2
11 47 3
11 48 3
11 49 2
11 50 3
11 51 1
11 52 1
11 53 1
11 54 2
11 55 1
11 56 3
11 57 3
11 58 3
11 59 2
11 60 3
11 61 2
11 62 3
11 63 1
11 64 3
11 65 1
11 66 2
11 67 1
11 68 2
11 69 3
12 13 1
12 14 4
12 15 2
12 16 1
12 17 1
12 18 2
12 19 1
12 20 3
12 21 2
12 22 3
12 23 3
12 24 2
12 25 4
12 26 1
12 27 2
12 28 3
12 29 2
12 30 1
12 31 1
12 32 3
12 33 4
12 34 1
12 35 2
12 36 1
12 37 1
12 38 2
12 39 2
12 40 2
12 41 3
12 42 2
12 43 1
12 44 1
12 45 1
12 46 2
12 47 2
12 48 1
12 49 2
12 50 1
12 51 1
12 52 3
12 53 2
12 54 3
12 55 1
12 56 3
12 57 4
12 58 2
12 59 3
12 60 1
12 61 1
12 62 1
12 63 2
12 64 2
12 65 2
12 66 3
12 67 3
12 68 3
12 69 2
13 14 1
13 15 2
13 16 4
13 17 1
13 18 3
13 19 3
13 20 2
13 21 5
13 22 3
13 23 3
13 24 2
13 25 2
13 26 3
13 27 2
13 28 1
13 29 2
13 30 2
13 31 1
13 32 2
13 33 3
13 34 2
13 35 3
13 36 3
13 37 3
13 38 1
13 39 1
13 40 3
13 41 2
13 42 3
13 43 2
13 44 1
13 45 1
13 46 3
13 47 4
13 48 5
13 49 3
13 50 3
13 51 5
13 52 5
13 53 4
13 54 1
13 55 3
13 56 4
13 57 2
13 58 5
13 59 3
13 60 1
13 61 1
13 62 1
13 63 2
13 64 3
13 65 3
13 66 2
13 67 2
13 68 4
13 69 1
14 15 2
14 16 1
14 17 3
14 18 3
14 19 2
14 20 2
14 21 2
14 22 2
14 23 1
14 24 2
14 25 4
14 26 4
14 27 2
14 28 1
14 29 2
14 30 3
14 31 1
14 32 1
14 33 2
14 34 3
14 35 3
14 36 3
14 37 1
14 38 3
14 39 3
14 40 5
14 41 2
14 42 3
14 43 3
14 44 1
14 45 3
14 46 3
14 47 2
14 48 1
14 49 1
14 50 5
14 51 3
14 52 1
14 53 3
14 54 3
14 55 3
14 56 3
14 57 1
14 58 1
14 59 1
14 60 3
14 61 1
14 62 2
14 63 1
14 64 2
14 65 1
14 66 2
14 67 2
14 68 3
14 69 2
15 16 3
15 17 2
15 18 1
15 19 2
15 20 3
15 21 1
15 22 1
15 23 2
15 24 2
15 25 3
15 26 3
15 27 3
15 28 2
15 29 2
15 30 3
15 31 3
15 32 3
15 33 3
15 34 1
15 35 1
15 36 1
15 37 2
15 38 2
15 39 3
15 40 1
15 41 2
15 42 5
15 43 2
15 44 2
15 45 1
15 46 1
15 47 1
15 48 1
15 49 1
15 50 2
15 51 3
15 52 2
15 53 2
15 54 2
15 55 1
15 56 3
15 57 1
15 58 2
15 59 3
15 60 2
15 61 2
15 62 2
15 63 2
15 64 3
15 65 3
15 66 1
15 67 2
15 68 2
15 69 1
16 17 3
16 18 3
16 19 1
16 20 3
16 21 5
16 22 3
16 23 2
16 24 2
16 25 1
16 26 3
16 27 5
16 28 4
16 29 1
16 30 1
16 31 5
16 32 4
16 33 2
16 34 3
16 35 1
16 36 2
16 37 1
16 38 5
16 39 1
16 40 3
16 41 1
16 42 2
16 43 2
16 44 2
16 45 2
16 46 2
16 47 2
16 48 1
16 49 1
16 50 1
16 51 3
16 52 1
16 53 2
16 54 1
16 55 2
16 56 5
16 57 3
16 58 3
16 59 2
16 60 4
16 61 4
16 62 3
16 63 1
16 64 4
16 65 1
16 66 5
16 67 1
16 68 3
16 69 1
17 18 3
17 19 3
17 20 3
17 21 3
17 22 3
17 23 2
17 24 1
17 25 1
17 26 1
17 27 3
17 28 3
17 29 3
17 30 2
17 31 3
17 32 1
17 33 1
17 34 3
17 35 1
17 36 3
17 37 2
17 38 2
17 39 1
17 40 3
17 41 3
17 42 1
17 43 1
17 44 1
17 45 2
17 46 5
17 47 1
17 48 2
17 49 2
17 50 2
17 51 1
17 52 2
17 53 2
17 54 2
17 55 4
17 56 2
17 57 1
17 58 2
17 59 2
17 60 2
17 61 1
17 62 3
17 63 1
17 64 3
17 65 2
17 66 2
17 67 3
17 68 3
17 69 3
18 19 2
18 20 3
18 21 1
18 22 2
18 23 2
18 24 3
18 25 1
18 26 1
18 27 3
18 28 3
18 29 3
18 30 1
18 31 1
18 32 3
18 33 1
18 34 3
18 35 3
18 36 1
18 37 1
18 38 2
18 39 3
18 40 1
18 41 1
18 42 1
18 43 3
18 44 1
18 45 3
18 46 1
18 47 2
18 48 1
18 49 3
18 50 2
18 51 3
18 52 3
18 53 3
18 54 1
18 55 1
18 56 2
18 57 2
18 58 2
18 59 3
18 60 2
18 61 2
18 62 2
18 63 3
18 64 2
18 65 1
18 66 3
18 67 2
18 68 2
18 69 1
19 20 1
19 21 3
19 22 3
19 23 3
19 24 3
19 25 2
19 26 1
19 27 3
19 28 2
19 29 1
19 30 3
19 31 1
19 32 3
19 33 2
19 34 3
19 35 2
19 36 3
19 37 1
19 38 1
19 39 3
19 40 3
19 41 3
19 42 3
19 43 3
19 44 1
19 45 2
19 46 1
19 47 2
19 48 2
19 49 2
19 50 3
19 51 2
19 52 1
19 53 3
19 54 3
19 55 3
19 56 1
19 57 3
19 58 2
19 59 2
19 60 3
19 61 2
19 62 2
19 63 2
19 64 3
19 65 2
19 66 2
19 67 1
19 68 3
19 69 2
20 21 4
20 22 1
20 23 5
20 24 1
20 25 2
20 26 3
20 27 1
20 28 3
20 29 3
20 30 3
20 31 1
20 32 1
20 33 3
20 34 2
20 35 1
20 36 3
20 37 2
20 38 5
20 39 1
20 40 3
20 41 1
20 42 1
20 43 3
20 44 5
20 45 3
20 46 3
20 47 1
20 48 2
20 49 5
20 50 1
20 51 4
20 52 2
20 53 4
20 54 3
20 55 2
20 56 4
20 57 3
20 58 2
20 59 1
20 60 2
20 61 1
20 62 5
20 63 2
20 64 1
20 65 2
20 66 4
20 67 1
20 68 2
20 69 5
21 22 1
21 23 5
21 24 3
21 25 2
21 26 1
21 27 3
21 28 4
21 29 1
21 30 5
21 31 5
21 32 2
21 33 3
21 34 1
21 35 2
21 36 5
21 37 2
21 38 1
21 39 1
21 40 3
21 41 5
21 42 3
21 43 1
21 44 3
21 45 1
21 46 1
21 47 3
21 48 2
21 49 4
21 50 1
21 51 3
21 52 2
21 53 4
21 54 3
21 55 3
21 56 3
21 57 1
21 58 2
21 59 2
21 60 5
21 61 4
21 62 2
21 63 2
21 64 3
21 65 3
21 66 5
21 67 3
21 68 3
21 69 5
22 23 2
22 24 2
22 25 2
22 26 2
22 27 3
22 28 2
22 29 4
22 30 4
22 31 3
22 32 5
22 33 3
22 34 1
22 35 2
22 36 1
22 37 1
22 38 1
22 39 4
22 40 2
22 41 1
22 42 2
22 43 3
22 44 1
22 45 3
22 46 3
22 47 5
22 48 2
22 49 1
22 50 2
22 51 1
22 52 3
22 53 3
22 54 2
22 55 3
22 56 2
22 57 1
22 58 4
22 59 2
22 60 3
22 61 2
22 62 5
22 63 4
22 64 5
22 65 3
22 66 3
22 67 1
22 68 2
22 69 1
23 24 3
23 25 1
23 26 2
23 27 4
23 28 1
23 29 4
23 30 3
23 31 5
23 32 3
23 33 1
23 34 3
23 35 2
23 36 3
23 37 3
23 38 2
23 39 1
23 40 1
23 41 5
23 42 3
23 43 1
23 44 1
23 45 3
23 46 1
23 47 3
23 48 2
23 49 5
23 50 2
23 51 3
23 52 5
23 53 5
23 54 1
23 55 2
23 56 5
23 57 3
23 58 3
23 59 1
23 60 3
23 61 2
23 62 4
23 63 1
23 64 4
23 65 2
23 66 2
23 67 2
23 68 3
23 69 1
24 25 3
24 26 2
24 27 2
24 28 2
24 29 2
24 30 1
24 31 3
24 32 3
24 33 1
24 34 5
24 35 3
24 36 1
24 37 3
24 38 2
24 39 3
24 40 3
24 41 3
24 42 1
24 43 1
24 44 3
24 45 2
24 46 1
24 47 3
24 48 1
24 49 2
24 50 2
24 51 3
24 52 3
24 53 2
24 54 1
24 55 1
24 56 3
24 57 2
24 58 2
24 59 1
24 60 3
24 61 3
24 62 1
24 63 3
24 64 1
24 65 2
24 66 2
24 67 2
24 68 1
24 69 3
25 26 1
25 27 3
25 28 1
25 29 1
25 30 1
25 31 2
25 32 1
25 33 1
25 34 3
25 35 2
25 36 3
25 37 2
25 38 2
25 39 3
25 40 1
25 41 1
25 42 3
25 43 1
25 44 3
25 45 4
25 46 3
25 47 3
25 48 2
25 49 2
25 50 2
25 51 2
25 52 2
25 53 1
25 54 2
25 55 3
25 56 3
25 57 1
25 58 3
25 59 2
25 60 2
25 61 1
25 62 3
25 63 1
25 64 2
25 65 1
25 66 3
25 67 2
25 68 3
25 69 2
26 27 2
26 28 1
26 29 2
26 30 2
26 31 1
26 32 1
26 33 5
26 34 2
26 35 2
26 36 1
26 37 2
26 38 3
26 39 2
26 40 5
26 41 1
26 42 1
26 43 5
26 44 1
26 45 2
26 46 1
26 47 2
26 48 2
26 49 2
26 50 2
26 51 1
26 52 2
26 53 2
26 54 2
26 55 4
26 56 1
26 57 1
26 58 1
26 59 2
26 60 2
26 61 3
26 62 1
26 63 2
26 64 1
26 65 2
26 66 1
26 67 1
26 68 1
26 69 2
27 28 4
27 29 1
27 30 2
27 31 2
27 32 4
27 33 1
27 34 2
27 35 5
27 36 5
27 37 2
27 38 1
27 39 1
27 40 1
27 41 1
27 42 2
27 43 3
27 44 2
27 45 2
27 46 2
27 47 3
27 48 4
27 49 1
27 50 3
27 51 2
27 52 3
27 53 2
27 54 1
27 55 3
27 56 1
27 57 2
27 58 3
27 59 1
27 60 4
27 61 4
27 62 3
27 63 3
27 64 3
27 65 3
27 66 2
27 67 2
27 68 3
27 69 3
28 29 5
28 30 2
28 31 1
28 32 3
28 33 1
28 34 3
28 35 4
28 36 4
28 37 4
28 38 3
28 39 4
28 40 1
28 41 3
28 42 3
28 43 3
28 44 3
28 45 1
28 46 3
28 47 3
28 48 3
28 49 4
28 50 3
28 51 1
28 52 2
28 53 3
28 54 3
28 55 2
28 56 4
28 57 1
28 58 3
28 59 2
28 60 1
28 61 5
28 62 1
28 63 5
28 64 3
28 65 4
28 66 1
28 67 2
28 68 2
28 69 3
29 30 2
29 31 3
29 32 2
29 33 3
29 34 3
29 35 4
29 36 2
29 37 1
29 38 3
29 39 3
29 40 3
29 41 4
29 42 1
29 43 1
29 44 2
29 45 1
29 46 3
29 47 1
29 48 2
29 49 1
29 50 2
29 51 5
29 52 5
29 53 4
29 54 1
29 55 2
29 56 4
29 57 2
29 58 3
29 59 1
29 60 2
29 61 5
29 62 2
29 63 2
29 64 2
29 65 3
29 66 1
29 67 1
29 68 5
29 69 1
30 31 3
30 32 3
30 33 2
30 34 3
30 35 4
30 36 1
30 37 1
30 38 3
30 39 5
30 40 2
30 41 2
30 42 1
30 43 2
30 44 1
30 45 1
30 46 3
30 47 5
30 48 2
30 49 4
30 50 2
30 51 2
30 52 3
30 53 3
30 54 3
30 55 3
30 56 3
30 57 1
30 58 3
30 59 2
30 60 5
30 61 5
30 62 3
30 63 2
30 64 4
30 65 3
30 66 3
30 67 1
30 68 4
30 69 5
31 32 1
31 33 3
31 34 1
31 35 3
31 36 1
31 37 4
31 38 3
31 39 1
31 40 2
31 41 1
31 42 3
31 43 3
31 44 1
31 45 1
31 46 3
31 47 2
31 48 4
31 49 2
31 50 3
31 51 4
31 52 5
31 53 4
31 54 2
31 55 1
31 56 4
31 57 3
31 58 2
31 59 2
31 60 3
31 61 5
31 62 2
31 63 4
31 64 4
31 65 5
31 66 3
31 67 2
31 68 5
31 69 4
32 33 2
32 34 2
32 35 5
32 36 1
32 37 1
32 38 3
32 39 1
32 40 1
32 41 5
32 42 3
32 43 2
32 44 2
32 45 1
32 46 3
32 47 2
32 48 5
32 49 1
32 50 3
32 51 2
32 52 4
32 53 3
32 54 3
32 55 1
32 56 5
32 57 3
32 58 3
32 59 2
32 60 2
32 61 3
32 62 2
32 63 5
32 64 2
32 65 3
32 66 3
32 67 3
32 68 1
32 69 2
33 34 3
33 35 2
33 36 1
33 37 3
33 38 1
33 39 2
33 40 3
33 41 3
33 42 1
33 43 5
33 44 3
33 45 5
33 46 5
33 47 1
33 48 2
33 49 2
33 50 4
33 51 1
33 52 3
33 53 1
33 54 3
33 55 2
33 56 3
33 57 4
33 58 2
33 59 2
33 60 2
33 61 1
33 62 2
33 63 3
33 64 2
33 65 2
33 66 2
33 67 2
33 68 3
33 69 1
34 35 3
34 36 3
34 37 2
34 38 2
34 39 3
34 40 2
34 41 3
34 42 3
34 43 1
34 44 1
34 45 1
34 46 2
34 47 1
34 48 3
34 49 2
34 50 3
34 51 3
34 52 2
34 53 3
34 54 3
34 55 3
34 56 3
34 57 1
34 58 3
34 59 3
34 60 1
34 61 2
34 62 3
34 63 3
34 64 3
34 65 1
34 66 3
34 67 1
34 68 1
34 69 3
35 36 4
35 37 3
35 38 2
35 39 1
35 40 3
35 41 2
35 42 1
35 43 3
35 44 4
35 45 3
35 46 3
35 47 2
35 48 3
35 49 2
35 50 3
35 51 1
35 52 2
35 53 5
35 54 1
35 55 2
35 56 3
35 57 1
35 58 1
35 59 2
35 60 2
35 61 2
35 62 1
35 63 2
35 64 3
35 65 5
35 66 2
35 67 2
35 68 5
35 69 4
36 37 4
36 38 3
36 39 1
36 40 2
36 41 3
36 42 3
36 43 3
36 44 5
36 45 3
36 46 3
36 47 5
36 48 4
36 49 5
36 50 1
36 51 2
36 52 5
36 53 3
36 54 2
36 55 3
36 56 1
36 57 2
36 58 4
36 59 3
36 60 5
36 61 2
36 62 2
36 63 3
36 64 1
36 65 2
36 66 4
36 67 2
36 68 1
36 69 5
37 38 3
37 39 3
37 40 2
37 41 5
37 42 2
37 43 1
37 44 3
37 45 1
37 46 3
37 47 4
37 48 5
37 49 4
37 50 1
37 51 1
37 52 4
37 53 4
37 54 1
37 55 2
37 56 1
37 57 3
37 58 2
37 59 3
37 60 1
37 61 4
37 62 4
37 63 5
37 64 1
37 65 2
37 66 4
37 67 3
37 68 3
37 69 3
38 39 1
38 40 2
38 41 2
38 42 3
38 43 3
38 44 3
38 45 1
38 46 3
38 47 3
38 48 3
38 49 5
38 50 2
38 51 1
38 52 5
38 53 5
38 54 3
38 55 2
38 56 4
38 57 2
38 58 4
38 59 1
38 60 3
38 61 4
38 62 5
38 63 3
38 64 3
38 65 5
38 66 3
38 67 1
38 68 2
38 69 3
39 40 1
39 41 2
39 42 1
39 43 2
39 44 4
39 45 1
39 46 1
39 47 1
39 48 2
39 49 3
39 50 2
39 51 5
39 52 5
39 53 3
39 54 3
39 55 1
39 56 3
39 57 3
39 58 2
39 59 1
39 60 4
39 61 5
39 62 5
39 63 2
39 64 1
39 65 2
39 66 2
39 67 3
39 68 1
39 69 1
40 41 3
40 42 3
40 43 4
40 44 2
40 45 2
40 46 1
40 47 1
40 48 1
40 49 3
40 50 1
40 51 1
40 52 2
40 53 3
40 54 1
40 55 2
40 56 2
40 57 4
40 58 1
40 59 4
40 60 3
40 61 3
40 62 1
40 63 2
40 64 3
40 65 1
40 66 2
40 67 5
40 68 2
40 69 2
41 42 3
41 43 1
41 44 4
41 45 2
41 46 2
41 47 5
41 48 1
41 49 1
41 50 2
41 51 4
41 52 3
41 53 1
41 54 2
41 55 1
41 56 5
41 57 3
41 58 3
41 59 3
41 60 2
41 61 3
41 62 1
41 63 4
41 64 3
41 65 1
41 66 1
41 67 2
41 68 2
41 69 5
42 43 3
42 44 2
42 45 1
42 46 1
42 47 3
42 48 1
42 49 3
42 50 1
42 51 3
42 52 3
42 53 1
42 54 3
42 55 3
42 56 1
42 57 2
42 58 1
42 59 1
42 60 2
42 61 2
42 62 3
42 63 3
42 64 3
42 65 1
42 66 2
42 67 3
42 68 1
42 69 2
43 44 1
43 45 4
43 46 5
43 47 2
43 48 1
43 49 1
43 50 3
43 51 2
43 52 1
43 53 3
43 54 3
43 55 1
43 56 1
43 57 3
43 58 2
43 59 2
43 60 1
43 61 2
43 62 3
43 63 2
43 64 2
43 65 2
43 66 2
43 67 2
43 68 2
43 69 2
44 45 2
44 46 1
44 47 3
44 48 1
44 49 2
44 50 1
44 51 4
44 52 2
44 53 3
44 54 2
44 55 2
44 56 5
44 57 1
44 58 2
44 59 3
44 60 3
44 61 4
44 62 1
44 63 1
44 64 2
44 65 5
44 66 1
44 67 1
44 68 5
44 69 2
45 46 2
45 47 3
45 48 1
45 49 1
45 50 3
45 51 3
45 52 1
45 53 2
45 54 2
45 55 4
45 56 2
45 57 5
45 58 2
45 59 5
45 60 1
45 61 1
45 62 3
45 63 1
45 64 3
45 65 3
45 66 3
45 67 3
45 68 1
45 69 3
46 47 2
46 48 1
46 49 2
46 50 5
46 51 1
46 52 3
46 53 1
46 54 2
46 55 4
46 56 2
46 57 4
46 58 2
46 59 1
46 60 3
46 61 2
46 62 2
46 63 3
46 64 3
46 65 1
46 66 1
46 67 1
46 68 3
46 69 3
47 48 2
47 49 3
47 50 1
47 51 3
47 52 2
47 53 2
47 54 3
47 55 2
47 56 4
47 57 3
47 58 2
47 59 3
47 60 5
47 61 4
47 62 1
47 63 4
47 64 1
47 65 4
47 66 2
47 67 1
47 68 1
47 69 4
48 49 1
48 50 3
48 51 5
48 52 2
48 53 2
48 54 1
48 55 1
48 56 1
48 57 2
48 58 1
48 59 2
48 60 2
48 61 4
48 62 3
48 63 5
48 64 1
48 65 2
48 66 5
48 67 3
48 68 5
48 69 2
49 50 3
49 51 5
49 52 2
49 53 1
49 54 1
49 55 1
49 56 3
49 57 2
49 58 4
49 59 3
49 60 2
49 61 1
49 62 2
49 63 4
49 64 4
49 65 2
49 66 2
49 67 2
49 68 2
49 69 5
50 51 2
50 52 3
50 53 3
50 54 3
50 55 1
50 56 1
50 57 4
50 58 2
50 59 3
50 60 1
50 61 3
50 62 2
50 63 2
50 64 2
50 65 3
50 66 1
50 67 4
50 68 3
50 69 3
51 52 1
51 53 5
51 54 3
51 55 3
51 56 1
51 57 2
51 58 2
51 59 3
51 60 3
51 61 2
51 62 1
51 63 2
51 64 1
51 65 3
51 66 2
51 67 1
51 68 2
51 69 4
52 53 3
52 54 3
52 55 3
52 56 1
52 57 3
52 58 5
52 59 1
52 60 2
52 61 5
52 62 1
52 63 2
52 64 4
52 65 1
52 66 1
52 67 3
52 68 2
52 69 4
53 54 3
53 55 1
53 56 4
53 57 2
53 58 3
53 59 3
53 60 2
53 61 1
53 62 1
53 63 2
53 64 5
53 65 1
53 66 3
53 67 1
53 68 1
53 69 1
54 55 2
54 56 2
54 57 2
54 58 1
54 59 2
54 60 1
54 61 2
54 62 1
54 63 1
54 64 1
54 65 1
54 66 3
54 67 1
54 68 3
54 69 1
55 56 1
55 57 5
55 58 3
55 59 4
55 60 2
55 61 1
55 62 3
55 63 2
55 64 2
55 65 2
55 66 1
55 67 4
55 68 1
55 69 3
56 57 1
56 58 3
56 59 2
56 60 1
56 61 1
56 62 5
56 63 3
56 64 5
56 65 1
56 66 2
56 67 3
56 68 2
56 69 3
57 58 1
57 59 2
57 60 3
57 61 3
57 62 3
57 63 3
57 64 3
57 65 2
57 66 1
57 67 1
57 68 1
57 69 2
58 59 3
58 60 2
58 61 5
58 62 2
58 63 1
58 64 2
58 65 4
58 66 1
58 67 3
58 68 3
58 69 5
59 60 3
59 61 1
59 62 3
59 63 1
59 64 3
59 65 1
59 66 2
59 67 3
59 68 1
59 69 3
60 61 4
60 62 1
60 63 1
60 64 1
60 65 3
60 66 2
60 67 2
60 68 2
60 69 2
61 62 4
61 63 5
61 64 3
61 65 2
61 66 3
61 67 2
61 68 2
61 69 3
62 63 3
62 64 2
62 65 3
62 66 3
62 67 2
62 68 1
62 69 1
63 64 5
63 65 4
63 66 2
63 67 3
63 68 3
63 69 4
64 65 2
64 66 4
64 67 2
64 68 1
64 69 3
65 66 4
65 67 2
65 68 5
65 69 2
66 67 3
66 68 2
66 69 5
67 68 3
67 69 2
68 69 5
10 2
