30
0 1 3
0 2 2
0 3 2
0 4 1
0 5 5
0 6 4
0 7 6
0 8 4
0 9 2
0 10 4
0 11 1
0 12 1
0 13 3
0 14 2
0 15 5
0 16 3
0 17 2
0 18 5
0 19 3
0 20 3
0 21 5
0 22 10
0 23 3
0 24 2
0 25 1
0 26 8
0 27 4
0 28 2
0 29 6
1 2 4
1 3 5
1 4 4
1 5 4
1 6 2
1 7 5
1 8 5
1 9 4
1 10 5
1 11 1
1 12 5
1 13 3
1 14 3
1 15 1
1 16 3
1 17 1
1 18 2
1 19 3
1 20 4
1 21 1
1 22 3
1 23 2
1 24 5
1 25 1
1 26 3
1 27 5
1 28 2
1 29 4
2 3 5
2 4 2
2 5 4
2 6 4
2 7 3
2 8 2
2 9 1
2 10 5
2 11 3
2 12 5
2 13 3
2 14 2
2 15 3
2 16 5
2 17 3
2 18 4
2 19 5
2 20 8
2 21 5
2 22 2
2 23 3
2 24 4
2 25 3
2 26 4
2 27 2
2 28 2
2 29 2
3 4 3
3 5 4
3 6 3
3 7 1
3 8 1
3 9 1
3 10 2
3 11 5
3 12 3
3 13 5
3 14 8
3 15 3
3 16 4
3 17 5
3 18 5
3 19 9
3 20 1
3 21 3
3 22 1
3 23 1
3 24 2
3 25 2
3 26 4
3 27 3
3 28 3
3 29 1
4 5 1
4 6 2
4 7 2
4 8 3
4 9 4
4 10 3
4 11 3
4 12 1
4 13 4
4 14 2
4 15 4
4 16 9
4 17 1
4 18 4
4 19 1
4 20 1
4 21 3
4 22 4
4 23 5
4 24 2
4 25 5
4 26 8
4 27 3
4 28 3
4 29 6
5 6 3
5 7 3
5 8 1
5 9 3
5 10 5
5 11 5
5 12 4
5 13 4
5 14 5
5 15 4
5 16 3
5 17 4
5 18 1
5 19 2
5 20 4
5 21 2
5 22 1
5 23 1
5 24 2
5 25 2
5 26 3
5 27 9
5 28 3
5 29 2
6 7 8
6 8 3
6 9 3
6 10 1
6 11 10
6 12 3
6 13 4
6 14 4
6 15 1
6 16 9
6 17 1
6 18 1
6 19 2
6 20 4
6 21 3
6 22 9
6 23 8
6 24 3
6 25 3
6 26 8
6 27 2
6 28 5
6 29 8
7 8 3
7 9 4
7 10 2
7 11 3
7 12 6
7 13 5
7 14 2
7 15 5
7 16 5
7 17 4
7 18 1
7 19 1
7 20 1
7 21 4
7 22 3
7 23 4
7 24 3
7 25 5
7 26 3
7 27 5
7 28 2
7 29 2
8 9 4
8 10 10
8 11 1
8 12 3
8 13 1
8 14 2
8 15 10
8 16 4
8 17 4
8 18 2
8 19 5
8 20 1
8 21 3
8 22 5
8 23 5
8 24 5
8 25 1
8 26 5
8 27 3
8 28 9
8 29 1
9 10 6
9 11 3
9 12 1
9 13 1
9 14 1
9 15 3
9 16 3
9 17 2
9 18 7
9 19 3
9 20 3
9 21 6
9 22 5
9 23 3
9 24 1
9 25 1
9 26 5
9 27 1
9 28 5
9 29 1
10 11 2
10 12 2
10 13 4
10 14 5
10 15 7
10 16 3
10 17 2
10 18 4
10 19 4
10 20 1
10 21 8
10 22 3
10 23 4
10 24 5
10 25 2
10 26 4
10 27 1
10 28 8
10 29 5
11 12 3
11 13 1
11 14 2
11 15 3
11 16 2
11 17 4
11 18 5
11 19 5
11 20 2
11 21 3
11 22 2
11 23 2
11 24 3
11 25 2
11 26 1
11 27 3
11 28 5
11 29 3
12 13 3
12 14 2
12 15 4
12 16 8
12 17 5
12 18 1
12 19 5
12 20 3
12 21 1
12 22 6
12 23 4
12 24 1
12 25 1
12 26 9
12 27 1
12 28 3
12 29 10
13 14 4
13 15 1
13 16 1
13 17 9
13 18 5
13 19 3
13 20 5
13 21 3
13 22 1
13 23 3
13 24 4
13 25 4
13 26 2
13 27 1
13 28 2
13 29 5
14 15 4
14 16 5
14 17 1
14 18 4
14 19 10
14 20 4
14 21 3
14 22 4
14 23 1
14 24 3
14 25 3
14 26 2
14 27 10
14 28 5
14 29 4
15 16 5
15 17 5
15 18 1
15 19 3
15 20 2
15 21 8
15 22 1
15 23 2
15 24 4
15 25 3
15 26 1
15 27 2
15 28 10
15 29 3
16 17 4
16 18 3
16 19 5
16 20 4
16 21 1
16 22 1
16 23 2
16 24 5
16 25 5
16 26 1
16 27 5
16 28 3
16 29 7
17 18 3
17 19 2
17 20 1
17 21 1
17 22 5
17 23 4
17 24 1
17 25 1
17 26 3
17 27 4
17 28 3
17 29 3
18 19 2
18 20 3
18 21 5
18 22 3
18 23 1
18 24 3
18 25 4
18 26 1
18 27 3
18 28 5
18 29 3
19 20 2
19 21 1
19 22 4
19 23 5
19 24 3
19 25 4
19 26 2
19 27 3
19 28 1
19 29 1
20 21 1
20 22 2
20 23 2
20 24 4
20 25 2
20 26 5
20 27 5
20 28 3
20 29 4
21 22 5
21 23 1
21 24 5
21 25 1
21 26 1
21 27 2
21 28 2
21 29 2
22 23 10
22 24 5
22 25 3
22 26 5
22 27 3
22 28 4
22 29 4
23 24 4
23 25 1
23 26 4
23 27 5
23 28 3
23 29 2
24 25 4
24 26 4
24 27 2
24 28 2
24 29 2
25 26 2
25 27 8
25 28 1
25 29 5
26 27 3
26 28 4
26 29 2
27 28 3
27 29 3
28 29 1
11 1
