30
0 1 3
0 2 1
0 3 3
0 4 1
0 5 3
0 6 1
0 7 3
0 8 3
0 9 1
0 10 1
0 11 1
0 12 2
0 13 3
0 14 5
0 15 2
0 16 1
0 17 2
0 18 1
0 19 2
0 20 3
0 21 3
0 22 1
0 23 1
0 24 2
0 25 1
0 26 1
0 27 3
0 28 1
0 29 2
1 2 2
1 3 1
1 4 2
1 5 1
1 6 2
1 7 2
1 8 3
1 9 1
1 10 1
1 11 1
1 12 3
1 13 4
1 14 1
1 15 2
1 16 1
1 17 3
1 18 3
1 19 2
1 20 2
1 21 4
1 22 3
1 23 1
1 24 3
1 25 1
1 26 3
1 27 3
1 28 2
1 29 1
2 3 2
2 4 2
2 5 2
2 6 1
2 7 2
2 8 2
2 9 1
2 10 1
2 11 2
2 12 1
2 13 3
2 14 3
2 15 5
2 16 3
2 17 3
2 18 1
2 19 1
2 20 2
2 21 1
2 22 3
2 23 3
2 24 1
2 25 1
2 26 3
2 27 3
2 28 1
2 29 3
3 4 3
3 5 1
3 6 2
3 7 3
3 8 2
3 9 1
3 10 2
3 11 2
3 12 3
3 13 1
3 14 1
3 15 1
3 16 1
3 17 2
3 18 5
3 19 3
3 20 3
3 21 3
3 22 1
3 23 2
3 24 2
3 25 3
3 26 2
3 27 2
3 28 3
3 29 1
4 5 2
4 6 3
4 7 1
4 8 5
4 9 1
4 10 5
4 11 5
4 12 3
4 13 3
4 14 3
4 15 3
4 16 2
4 17 1
4 18 3
4 19 3
4 20 3
4 21 1
4 22 3
4 23 3
4 24 2
4 25 3
4 26 2
4 27 2
4 28 2
4 29 2
5 6 3
5 7 1
5 8 1
5 9 1
5 10 2
5 11 3
5 12 5
5 13 2
5 14 3
5 15 3
5 16 1
5 17 2
5 18 2
5 19 1
5 20 2
5 21 1
5 22 2
5 23 1
5 24 2
5 25 1
5 26 2
5 27 1
5 28 2
5 29 1
6 7 2
6 8 2
6 9 1
6 10 1
6 11 1
6 12 3
6 13 2
6 14 3
6 15 2
6 16 3
6 17 1
6 18 1
6 19 2
6 20 1
6 21 1
6 22 3
6 23 2
6 24 2
6 25 2
6 26 1
6 27 1
6 28 3
6 29 4
7 8 1
7 9 3
7 10 1
7 11 1
7 12 1
7 13 1
7 14 2
7 15 3
7 16 3
7 17 1
7 18 1
7 19 3
7 20 1
7 21 2
7 22 1
7 23 3
7 24 2
7 25 2
7 26 1
7 27 2
7 28 1
7 29 1
8 9 1
8 10 5
8 11 3
8 12 2
8 13 1
8 14 2
8 15 2
8 16 2
8 17 1
8 18 2
8 19 3
8 20 1
8 21 2
8 22 4
8 23 1
8 24 1
8 25 3
8 26 3
8 27 4
8 28 1
8 29 3
9 10 3
9 11 3
9 12 2
9 13 1
9 14 4
9 15 1
9 16 2
9 17 3
9 18 1
9 19 1
9 20 1
9 21 2
9 22 2
9 23 3
9 24 3
9 25 2
9 26 3
9 27 3
9 28 3
9 29 2
10 11 2
10 12 2
10 13 3
10 14 1
10 15 3
10 16 3
10 17 3
10 18 3
10 19 2
10 20 1
10 21 3
10 22 2
10 23 2
10 24 1
10 25 2
10 26 1
10 27 4
10 28 1
10 29 3
11 12 1
11 13 1
11 14 2
11 15 1
11 16 5
11 17 3
11 18 2
11 19 2
11 20 1
11 21 1
11 22 4
11 23 2
11 24 1
11 25 1
11 26 2
11 27 4
11 28 1
11 29 1
12 13 3
12 14 3
12 15 2
12 16 1
12 17 2
12 18 1
12 19 2
12 20 1
12 21 3
12 22 1
12 23 2
12 24 2
12 25 2
12 26 3
12 27 3
12 28 2
12 29 3
13 14 2
13 15 2
13 16 3
13 17 1
13 18 1
13 19 3
13 20 2
13 21 3
13 22 3
13 23 3
13 24 3
13 25 3
13 26 3
13 27 3
13 28 3
13 29 2
14 15 2
14 16 3
14 17 3
14 18 2
14 19 1
14 20 1
14 21 1
14 22 2
14 23 3
14 24 2
14 25 4
14 26 2
14 27 2
14 28 1
14 29 1
15 16 3
15 17 2
15 18 1
15 19 1
15 20 1
15 21 1
15 22 3
15 23 3
15 24 1
15 25 2
15 26 1
15 27 3
15 28 1
15 29 1
16 17 1
16 18 3
16 19 1
16 20 3
16 21 5
16 22 3
16 23 3
16 24 1
16 25 3
16 26 2
16 27 2
16 28 3
16 29 1
17 18 2
17 19 1
17 20 1
17 21 3
17 22 2
17 23 4
17 24 3
17 25 1
17 26 2
17 27 3
17 28 1
17 29 2
18 19 1
18 20 1
18 21 2
18 22 3
18 23 1
18 24 1
18 25 2
18 26 3
18 27 1
18 28 1
18 29 3
19 20 3
19 21 3
19 22 3
19 23 1
19 24 1
19 25 3
19 26 5
19 27 1
19 28 3
19 29 3
20 21 2
20 22 1
20 23 1
20 24 1
20 25 3
20 26 2
20 27 3
20 28 5
20 29 1
21 22 2
21 23 3
21 24 2
21 25 1
21 26 5
21 27 1
21 28 1
21 29 2
22 23 2
22 24 1
22 25 2
22 26 5
22 27 2
22 28 2
22 29 1
23 24 1
23 25 2
23 26 1
23 27 3
23 28 3
23 29 2
24 25 4
24 26 2
24 27 3
24 28 2
24 29 3
25 26 1
25 27 1
25 28 1
25 29 1
26 27 3
26 28 1
26 29 3
27 28 1
27 29 2
28 29 2
9 1
