30
0 1 1
0 2 3
0 3 5
0 4 13
0 5 12
0 6 2
0 7 10
0 8 3
0 9 6
0 10 7
0 11 10
0 12 9
0 13 10
0 14 2
0 15 18
0 16 4
0 17 6
0 18 10
0 19 7
0 20 6
0 21 8
0 22 5
0 23 9
0 24 5
0 25 14
0 26 8
0 27 8
0 28 6
0 29 5
1 2 2
1 3 1
1 4 8
1 5 7
1 6 2
1 7 10
1 8 2
1 9 1
1 10 2
1 11 8
1 12 1
1 13 3
1 14 17
1 15 7
1 16 8
1 17 3
1 18 9
1 19 4
1 20 5
1 21 18
1 22 19
1 23 10
1 24 20
1 25 10
1 26 2
1 27 7
1 28 4
1 29 18
2 3 10
2 4 18
2 5 14
2 6 3
2 7 9
2 8 5
2 9 8
2 10 4
2 11 6
2 12 8
2 13 10
2 14 6
2 15 12
2 16 3
2 17 3
2 18 4
2 19 8
2 20 14
2 21 4
2 22 8
2 23 10
2 24 4
2 25 11
2 26 9
2 27 7
2 28 7
2 29 10
3 4 1
3 5 8
3 6 7
3 7 5
3 8 5
3 9 8
3 10 1
3 11 7
3 12 9
3 13 13
3 14 3
3 15 1
3 16 5
3 17 7
3 18 8
3 19 9
3 20 5
3 21 4
3 22 5
3 23 10
3 24 9
3 25 6
3 26 10
3 27 7
3 28 5
3 29 7
4 5 6
4 6 5
4 7 8
4 8 9
4 9 4
4 10 2
4 11 4
4 12 2
4 13 9
4 14 8
4 15 4
4 16 7
4 17 1
4 18 6
4 19 7
4 20 16
4 21 7
4 22 2
4 23 5
4 24 10
4 25 11
4 26 6
4 27 4
4 28 8
4 29 7
5 6 7
5 7 6
5 8 1
5 9 8
5 10 6
5 11 7
5 12 7
5 13 1
5 14 7
5 15 2
5 16 5
5 17 9
5 18 3
5 19 9
5 20 19
5 21 7
5 22 4
5 23 5
5 24 4
5 25 18
5 26 1
5 27 6
5 28 6
5 29 9
6 7 5
6 8 19
6 9 3
6 10 5
6 11 9
6 12 15
6 13 3
6 14 10
6 15 6
6 16 6
6 17 2
6 18 3
6 19 3
6 20 6
6 21 2
6 22 8
6 23 20
6 24 8
6 25 8
6 26 2
6 27 4
6 28 9
6 29 4
7 8 9
7 9 2
7 10 4
7 11 3
7 12 9
7 13 8
7 14 4
7 15 9
7 16 6
7 17 18
7 18 19
7 19 4
7 20 2
7 21 2
7 22 9
7 23 4
7 24 1
7 25 8
7 26 4
7 27 1
7 28 17
7 29 5
8 9 6
8 10 10
8 11 1
8 12 17
8 13 7
8 14 8
8 15 4
8 16 9
8 17 5
8 18 6
8 19 1
8 20 10
8 21 10
8 22 5
8 23 19
8 24 5
8 25 5
8 26 1
8 27 8
8 28 10
8 29 3
9 10 2
9 11 8
9 12 8
9 13 6
9 14 9
9 15 5
9 16 7
9 17 17
9 18 19
9 19 4
9 20 1
9 21 1
9 22 2
9 23 7
9 24 9
9 25 5
9 26 9
9 27 9
9 28 14
9 29 4
10 11 15
10 12 10
10 13 6
10 14 7
10 15 6
10 16 14
10 17 5
10 18 7
10 19 11
10 20 9
10 21 17
10 22 18
10 23 5
10 24 20
10 25 2
10 26 14
10 27 11
10 28 4
10 29 19
11 12 5
11 13 3
11 14 1
11 15 5
11 16 5
11 17 9
11 18 6
11 19 3
11 20 7
11 21 19
11 22 16
11 23 8
11 24 17
11 25 10
11 26 7
11 27 13
11 28 5
11 29 2
12 13 2
12 14 7
12 15 9
12 16 4
12 17 3
12 18 4
12 19 10
12 20 2
12 21 10
12 22 7
12 23 14
12 24 6
12 25 10
12 26 6
12 27 1
12 28 1
12 29 4
13 14 6
13 15 2
13 16 7
13 17 10
13 18 9
13 19 4
13 20 10
13 21 1
13 22 3
13 23 6
13 24 8
13 25 10
13 26 2
13 27 9
13 28 7
13 29 7
14 15 8
14 16 11
14 17 9
14 18 9
14 19 15
14 20 2
14 21 20
14 22 17
14 23 8
14 24 3
14 25 9
14 26 13
14 27 5
14 28 7
14 29 18
15 16 2
15 17 2
15 18 7
15 19 7
15 20 18
15 21 7
15 22 2
15 23 7
15 24 5
15 25 11
15 26 4
15 27 6
15 28 4
15 29 8
16 17 10
16 18 4
16 19 14
16 20 10
16 21 20
16 22 4
16 23 10
16 24 7
16 25 6
16 26 5
16 27 18
16 28 6
16 29 14
17 18 13
17 19 3
17 20 3
17 21 4
17 22 10
17 23 9
17 24 3
17 25 5
17 26 8
17 27 1
17 28 12
17 29 5
18 19 5
18 20 7
18 21 5
18 22 3
18 23 9
18 24 4
18 25 5
18 26 7
18 27 5
18 28 11
18 29 5
19 20 2
19 21 13
19 22 1
19 23 1
19 24 17
19 25 7
19 26 8
19 27 20
19 28 5
19 29 6
20 21 2
20 22 6
20 23 3
20 24 6
20 25 7
20 26 9
20 27 6
20 28 9
20 29 10
21 22 15
21 23 2
21 24 18
21 25 9
21 26 2
21 27 15
21 28 8
21 29 19
22 23 1
22 24 18
22 25 7
22 26 20
22 27 1
22 28 2
22 29 3
23 24 4
23 25 6
23 26 9
23 27 10
23 28 10
23 29 1
24 25 9
24 26 12
24 27 20
24 28 6
24 29 13
25 26 4
25 27 1
25 28 9
25 29 9
26 27 4
26 28 6
26 29 2
27 28 8
27 29 13
28 29 2
10 3
